[3.002351195638014, 9.92915948992351, 0.20502090732575134]/[-0.006797852102645353, 0.006199056793912943, -0.7079170662508628, 0.7062356463762134]/Image2abc1565780547.png 
[3.002354497202746, 9.928530045137222, 0.20501341687428581]/[-0.007274884939152733, 0.00579073140679573, -0.7079443680952575, 0.7062069917248788]/Image2abc1565780547.png 
[3.0023710949495364, 9.927495352828547, 0.2050345464949529]/[-0.007912044450522966, 0.005301630581955292, -0.7079789569216315, 0.706169306060483]/Image2abc1565780547.png 
[3.0023407107744817, 9.852211490442341, 0.20444409106087041]/[-0.008049649519333048, 0.005983530339663453, -0.7079813369857711, 0.7061599160155795]/Image2abc1565780554.png 
[3.002347115594315, 9.851352234916963, 0.20448093605167725]/[-0.008469478378501255, 0.0056040479340040555, -0.7079770645290699, 0.7061624024851157]/Image2abc1565780554.png 
[3.002336308694052, 9.85011472512861, 0.2045523261421149]/[-0.008929627912521537, 0.005099495294063417, -0.7079720883406063, 0.7061655464717396]/Image2abc1565780555.png 
[3.0022562596358626, 9.848575702069532, 0.20469440362582153]/[-0.009212704398256942, 0.004607232504074769, -0.7081103786102625, 0.7060266221544018]/Image2abc1565780555.png 
[3.0021662002462106, 9.84673352965053, 0.2048021563894147]/[-0.009521334458608881, 0.004012497994298353, -0.708206180816256, 0.7059300599235209]/Image2abc1565780555.png 
[3.0020689141038757, 9.844641964812666, 0.20487335236196566]/[-0.009677806120248007, 0.0036231325197023153, -0.7083759092239889, 0.705759721300763]/Image2abc1565780555.png 
[3.0019252122729374, 9.842499964075209, 0.2048588964182946]/[-0.009537380800293722, 0.0036036471260800862, -0.7087807032782745, 0.7053552060878374]/Image2abc1565780555.png 
[3.001741387518717, 9.840304382947666, 0.20484655345367347]/[-0.009455711061393595, 0.0034725747288920222, -0.709270617566542, 0.7048643286547077]/Image2abc1565780555.png 
[3.001549006954931, 9.83810938280569, 0.20478004713796674]/[-0.009416734172631697, 0.003427039031760134, -0.709854594028989, 0.7042769596237947]/Image2abc1565780555.png 
[3.0013562791593125, 9.835904804210525, 0.20472191128066528]/[-0.009401701292654337, 0.0035241710407696715, -0.7105778310498853, 0.7035469666281845]/Image2abc1565780555.png 
[3.001169877895518, 9.833783940492475, 0.20479229598161944]/[-0.009428337280647023, 0.003567373425130265, -0.7113719930433542, 0.7027433868891931]/Image2abc1565780555.png 
[3.0008934205568663, 9.831720979545521, 0.20490304461809947]/[-0.009271268731925146, 0.003452231413639911, -0.7121950043820512, 0.7019119612940196]/Image2abc1565780555.png 
[3.000583229616043, 9.829689936007679, 0.20495222220724632]/[-0.00900021083412055, 0.003439159346026992, -0.7130955807076664, 0.701000614238768]/Image2abc1565780555.png 
[3.000242271852517, 9.82762033276433, 0.20499202859922777]/[-0.008749391888338178, 0.0033029620640999285, -0.7139960384297813, 0.7000872771946122]/Image2abc1565780556.png 
[2.9999403349829006, 9.825589496709147, 0.2050865283690937]/[-0.008923348376896595, 0.003035903497891439, -0.7149242248782275, 0.6991384053432923]/Image2abc1565780556.png 
[2.999661078118971, 9.823646526900081, 0.20508610702491034]/[-0.009124455496652577, 0.003056475387286456, -0.7159943061910862, 0.6980397952638817]/Image2abc1565780556.png 
[2.9992883798175516, 9.821593093371408, 0.20509629315011307]/[-0.009222715573970587, 0.0027171385084924305, -0.7170353754210088, 0.6969704649916094]/Image2abc1565780556.png 
[2.998996657117118, 9.819609112876014, 0.20511586316129557]/[-0.009767196935527632, 0.002653503635781079, -0.718200350779874, 0.6957627590796618]/Image2abc1565780556.png 
[2.998675108200898, 9.817667283367594, 0.20521802553852153]/[-0.010037520546115878, 0.002507419247509854, -0.71939002705882, 0.6945293010365463]/Image2abc1565780556.png 
[2.998230986498681, 9.815673675941353, 0.20529362362926812]/[-0.009800039301585985, 0.0024516013181856916, -0.720637520496099, 0.6932384243057352]/Image2abc1565780556.png 
[2.9978157040086977, 9.81373940298618, 0.20541647065758092]/[-0.009730857501342564, 0.002318177259640201, -0.7219724317581709, 0.6918495098268659]/Image2abc1565780556.png 
[2.997338579130726, 9.811790958660106, 0.20545392178950522]/[-0.009658206363809384, 0.0023302876279147292, -0.7234233218211021, 0.6903332429013741]/Image2abc1565780556.png 
[2.9969042557868937, 9.809956718382201, 0.20546540136208383]/[-0.009753554984951255, 0.002504932380099737, -0.7249613676088954, 0.6887159130973862]/Image2abc1565780556.png 
[2.9963770082065864, 9.808076755663489, 0.20541320898015925]/[-0.009676550976351343, 0.002643419938847123, -0.7266032956571201, 0.6869840081344257]/Image2abc1565780556.png 
[2.9958054195235855, 9.80598691941861, 0.20540044988224831]/[-0.010113113857679466, 0.0021273475964281616, -0.728093607351304, 0.6853998090563425]/Image2abc1565780557.png 
[2.995237184549354, 9.803538671551925, 0.20528071200837203]/[-0.010613356513621731, 0.0015714234013241783, -0.729471819505523, 0.6839267152548659]/Image2abc1565780557.png 
[2.9946802012715654, 9.800744312192396, 0.20522439621358926]/[-0.011047802744254473, 0.0011104232393062984, -0.7307803083015596, 0.6825224201544087]/Image2abc1565780557.png 
[2.9940908422112185, 9.797677163707984, 0.2052163903496294]/[-0.01110725565243907, 0.0007024614488061386, -0.7319522297966873, 0.6812650502671055]/Image2abc1565780557.png 
[2.9935530653640705, 9.794391555347607, 0.20526585576726916]/[-0.011078602577398716, 0.00026454258764881697, -0.7327051033848248, 0.6804560427066432]/Image2abc1565780557.png 
[2.9930660190549028, 9.791012142346466, 0.20526765408848902]/[-0.010753879052071817, 0.00018944752313621976, -0.7332924007012009, 0.6798283410309096]/Image2abc1565780557.png 
[2.9926650222702067, 9.787713638785613, 0.20509858559245658]/[-0.01031450794929324, 0.0007583596744294191, -0.7339807597181539, 0.6790915109025659]/Image2abc1565780557.png 
[2.9922518170760912, 9.784366326356396, 0.20484752724152233]/[-0.010171994930661649, 0.0015232705077171975, -0.735050046283154, 0.6779348343500459]/Image2abc1565780557.png 
[2.9917130861274175, 9.780816935945499, 0.20480607430045852]/[-0.009968294994223633, 0.0013547715619617348, -0.7366115336373568, 0.6762412633086984]/Image2abc1565780557.png 
[2.990967419898987, 9.777240390142737, 0.2050016969952667]/[-0.009736132178500575, 0.0008403371503815991, -0.7383358157009626, 0.6743624580423132]/Image2abc1565780557.png 
[2.990123183886276, 9.773809047157204, 0.2052663593501421]/[-0.0092180296407857, 0.0005105099102949565, -0.7400588071053357, 0.6724787947102873]/Image2abc1565780557.png 
[2.989349016088729, 9.770567288955476, 0.2054340441748283]/[-0.00871945169023765, 0.0007108127093370907, -0.7418211592608401, 0.6705407024039758]/Image2abc1565780558.png 
[2.988623475134351, 9.767482244327603, 0.20546348660325944]/[-0.008226551156871, 0.0013161965911605757, -0.7436028391360406, 0.6685696740889587]/Image2abc1565780558.png 
[2.9879359210443193, 9.764421960464023, 0.20543380133318356]/[-0.008222333709797518, 0.0016903560184992577, -0.7452372341597499, 0.6667465791039513]/Image2abc1565780558.png 
[2.9871594706416604, 9.761064640269803, 0.20535985176224564]/[-0.008502198281365446, 0.001577416890704189, -0.7467351520238943, 0.6650652878569057]/Image2abc1565780558.png 
[2.986435467853094, 9.757380656830387, 0.2053335453214287]/[-0.009182857764358971, 0.00140936259762253, -0.7480310370843437, 0.6635987163782561]/Image2abc1565780558.png 
[2.985753775687111, 9.753357350246208, 0.2054334561895279]/[-0.00991299011291302, 0.0009317621323367359, -0.7488706009317639, 0.6626414471691678]/Image2abc1565780558.png 
[2.985004468558598, 9.749042923271245, 0.20554428694927923]/[-0.010316177295978302, 0.00023103739722168723, -0.7493619642797854, 0.6620801836624176]/Image2abc1565780558.png 
[2.9842618471537627, 9.744410132681706, 0.20554646999916049]/[-0.010839407234438126, -0.0005201887741203007, -0.7497045915133206, 0.6616836571340496]/Image2abc1565780558.png 
[2.983216128778861, 9.734841348452846, 0.20555768152691856]/[-0.01081881340309726, 0.0013243934763628171, -0.7505837232962032, 0.6606854573708107]/Image2abc1565780558.png 
[2.982742991247133, 9.730155078100214, 0.20555963210277922]/[-0.010060234666736221, 0.002971957333102343, -0.7509560242231804, 0.6602688913094229]/Image2abc1565780558.png 
[2.9820675900482274, 9.725486666949498, 0.20567097334991008]/[-0.009712437922379774, 0.003754338664912022, -0.7517142648791089, 0.6594067314397494]/Image2abc1565780558.png 
[2.98105295791045, 9.720686275532453, 0.20582266999451249]/[-0.009538419014552924, 0.004040507479825052, -0.7533467456226908, 0.6575419178438049]/Image2abc1565780559.png 
[2.97981860832092, 9.715763618778535, 0.20590609339693522]/[-0.00949049802209835, 0.00428694946286137, -0.7557172773641972, 0.6548152023318032]/Image2abc1565780559.png 
[2.9784412090319945, 9.710789782029128, 0.2060141925060848]/[-0.009752125498590832, 0.00446902378556184, -0.7585297379479992, 0.6515501212671235]/Image2abc1565780559.png 
[2.9768469351889224, 9.705828860608731, 0.20605808674396175]/[-0.009686793336375888, 0.004685008121249453, -0.7616006313500487, 0.6479573250307226]/Image2abc1565780559.png 
[2.9735622435678386, 9.695849840634544, 0.20604225987304045]/[-0.009706767752419083, 0.005192271837640481, -0.7681220994698366, 0.640208762263541]/Image2abc1565780559.png 
[2.971835006212082, 9.690885468587433, 0.2059134080947922]/[-0.010134704918481608, 0.00524954658002702, -0.7716280230540825, 0.6359716377752769]/Image2abc1565780559.png 
[2.9698605500406385, 9.685939810836805, 0.2059362534847293]/[-0.01002497513277529, 0.005274282275167541, -0.7753217601073763, 0.6314648447253969]/Image2abc1565780559.png 
[2.9678767472479386, 9.681107486798261, 0.20611812778768657]/[-0.010044638540036156, 0.005183432722133782, -0.7788201175234856, 0.6271454869506116]/Image2abc1565780559.png 
[2.93997124742381, 9.601732271021476, 0.20395540871303613]/[-0.010134448730914396, 0.006411488982434209, -0.7983398438427499, 0.6020877672657716]/Image2abc1565780565.png 
[2.939962142223078, 9.601698916073936, 0.2038418567274108]/[-0.010294119091737192, 0.0063046816120300555, -0.79833788252398, 0.6020887869982499]/Image2abc1565780565.png 
[2.9399533465987844, 9.601666799447443, 0.2037320868146043]/[-0.010447471467711635, 0.006201973383615781, -0.7983360171012528, 0.6020896857321079]/Image2abc1565780566.png 
[2.939944923218535, 9.601637116489547, 0.20362902364720403]/[-0.010587667010179467, 0.006107294230108689, -0.7983343208887266, 0.6020904536326784]/Image2abc1565780566.png 
[2.9399370113183982, 9.60160924092157, 0.20353420415023102]/[-0.010720162744898459, 0.006017668058530255, -0.7983326915765344, 0.6020911719515795]/Image2abc1565780566.png 
[2.939930010875809, 9.601582745063231, 0.2034472816640832]/[-0.010848390847472219, 0.005932638120168301, -0.7983310704121155, 0.6020918686011312]/Image2abc1565780566.png 
[2.9399229764690618, 9.601558709193524, 0.20336526747023492]/[-0.010961124399458148, 0.005855605888114872, -0.7983295515147407, 0.6020925948804351]/Image2abc1565780566.png 
[2.93991545524765, 9.601537072472057, 0.20328782117841926]/[-0.011058169035648886, 0.005784448314721326, -0.7983276378675092, 0.6020940455378683]/Image2abc1565780566.png 
[2.9399067877622946, 9.601517297477574, 0.20321335728225023]/[-0.01114090832719558, 0.005720083836334297, -0.7983252128513609, 0.6020963505356758]/Image2abc1565780566.png 
[2.939898728403887, 9.601497864874556, 0.20314317508600424]/[-0.011224559554447115, 0.005656407706215409, -0.7983228362687268, 0.6020985495801541]/Image2abc1565780566.png 
[2.9398903873987203, 9.601470864319937, 0.20309684253816007]/[-0.011374521486223548, 0.005548122494592986, -0.7983195878657814, 0.602101049847576]/Image2abc1565780566.png 
[2.939884652079402, 9.601451508837878, 0.20304070478024175]/[-0.01146931980408493, 0.005484020846019254, -0.7983170740605205, 0.6021031717920455]/Image2abc1565780566.png 
[2.9398809955145535, 9.60143111110496, 0.20299372225422135]/[-0.01157976420108668, 0.0054167030211187414, -0.7983144556070197, 0.6021051389568901]/Image2abc1565780567.png 
[2.939876562765554, 9.601415345659767, 0.20294370200727163]/[-0.01165524531242573, 0.005367345118281179, -0.7983126773911726, 0.6021064822600949]/Image2abc1565780567.png 
[2.9398717608194382, 9.601402150449834, 0.20289504778234155]/[-0.011712793115186972, 0.0053249828436401055, -0.7983116200644942, 0.6021071435427074]/Image2abc1565780567.png 
[2.9398670428414344, 9.601389827723224, 0.20284826979855813]/[-0.011765458172397275, 0.0052850764151818, -0.7983107502338206, 0.6021076216278896]/Image2abc1565780567.png 
[2.939861284203801, 9.60137346340098, 0.20281300189749565]/[-0.011852284701186763, 0.005219914602533011, -0.7983096701362207, 0.6021079192353332]/Image2abc1565780567.png 
[2.939854361350301, 9.60135111485392, 0.2027999133268303]/[-0.012031838025854707, 0.005108257556908791, -0.7983207959842137, 0.6020905640163969]/Image2abc1565780567.png 
[2.939871774405166, 9.601344860758452, 0.20276858078259608]/[-0.012194716330375567, 0.005129960748911179, -0.7983547087446128, 0.6020421342577617]/Image2abc1565780567.png 
[2.939892240736941, 9.601340923460855, 0.202737739932548]/[-0.012353932465840342, 0.005167644138761083, -0.7983913027359455, 0.6019900360656185]/Image2abc1565780567.png 
[2.9399068283959053, 9.601335921734256, 0.20270693086708005]/[-0.012482430040344963, 0.005189560351108952, -0.7984186289846262, 0.6019509533956735]/Image2abc1565780567.png 
[2.939902878239997, 9.601369842433188, 0.2027631507261257]/[-0.012471241205443608, 0.005231622402582731, -0.7984911314987173, 0.6018546429061845]/Image2abc1565780567.png 
[2.939848283436993, 9.601468118016845, 0.20286350429268155]/[-0.012407908693052043, 0.00524256198542036, -0.7987278087525581, 0.601541724962642]/Image2abc1565780567.png 
[2.9397564043622677, 9.601612753414594, 0.20300011017487107]/[-0.01247403467061219, 0.00518050428108269, -0.7991413201988998, 0.6009914401929446]/Image2abc1565780568.png 
[2.939647094833763, 9.601678391662384, 0.2030846616486721]/[-0.012748900124980516, 0.004905721955944631, -0.799436486006725, 0.6005952915890314]/Image2abc1565780568.png 
[2.9396276600708853, 9.60166088729076, 0.20306213575697413]/[-0.012887999179239466, 0.004778838582854722, -0.7994552910004485, 0.6005683140745466]/Image2abc1565780568.png 
[2.939629788597686, 9.601649033724772, 0.20301287460683146]/[-0.012981956447639104, 0.0047566283943291125, -0.7994656039098571, 0.6005527382821237]/Image2abc1565780568.png 
[2.9396384964182003, 9.601633820237716, 0.20300549020701986]/[-0.01325082108029864, 0.0046955928357105495, -0.7995138420408952, 0.6004831251031337]/Image2abc1565780568.png 
[2.9396579948676895, 9.601623359070329, 0.20298817906666647]/[-0.013481692448856964, 0.004693455562417754, -0.7995567928076501, 0.6004208111972325]/Image2abc1565780568.png 
[2.9396696041750014, 9.60161665047714, 0.20295309841416798]/[-0.013601339732580011, 0.004704877101287407, -0.7995799049108602, 0.600387244494485]/Image2abc1565780568.png 
[2.939686974053257, 9.601611540910124, 0.20292624256306896]/[-0.013755329347768366, 0.004729723501577202, -0.799613148477274, 0.6003392652595647]/Image2abc1565780568.png 
[2.9396987103138477, 9.601606723738659, 0.2028997008386911]/[-0.013864005674705158, 0.004745340265777591, -0.7996354548567263, 0.6003069301852929]/Image2abc1565780568.png 
[2.939698318575947, 9.601597732901144, 0.2028684655276576]/[-0.013934539495684661, 0.0047196614330952515, -0.7996431402801976, 0.6002952620234683]/Image2abc1565780568.png 
[2.939700326350187, 9.60158158424944, 0.20288136999299203]/[-0.01417954053612451, 0.0046322503693685185, -0.7996813502059595, 0.6002393031279053]/Image2abc1565780568.png 
[2.9397054897762365, 9.601571638633958, 0.20287864380276827]/[-0.014334954908375027, 0.004594760610359044, -0.7997061415272405, 0.6002028694086036]/Image2abc1565780569.png 
[2.9397307740753704, 9.601572587446599, 0.20286480949945312]/[-0.014491617778740144, 0.0046558833269724756, -0.799747749032393, 0.6001431943146746]/Image2abc1565780569.png 
[2.9397513150694072, 9.601572828679178, 0.20285146733360626]/[-0.014622930455266837, 0.004704585197031378, -0.7997818916717951, 0.6000941280640141]/Image2abc1565780569.png 
[2.939780315072316, 9.601574806351982, 0.20284191171596427]/[-0.014799563314672285, 0.004774614757167688, -0.7998296115800518, 0.6000256398015998]/Image2abc1565780569.png 
[2.93969508294075, 9.60180343186389, 0.20329467480133528]/[-0.013352379428479116, 0.005216139379619596, -0.799862346943891, 0.6000122763702264]/Image2abc1565780569.png 
[2.9396938920746902, 9.601789571184224, 0.2032396616928975]/[-0.013439821071290221, 0.005182252329470034, -0.7998684805068987, 0.6000024411299927]/Image2abc1565780569.png 
[2.939696805931122, 9.601776716117001, 0.20318574927389058]/[-0.013546555448916194, 0.0051600073888715264, -0.799880796882951, 0.5999838130625786]/Image2abc1565780570.png 
[2.9397002680767144, 9.601764750776878, 0.20313507167891293]/[-0.013650321572151873, 0.005140872672634059, -0.7998934187516277, 0.5999647979564913]/Image2abc1565780570.png 
[2.939697747759272, 9.601751365425029, 0.20308296223003058]/[-0.013724279536529277, 0.005104253318196748, -0.7998967889392425, 0.5999589300893486]/Image2abc1565780570.png 
[2.9396978946604153, 9.601740314320132, 0.20303897320057485]/[-0.013800821059463769, 0.005079149935283679, -0.7999033889509668, 0.5999485877296302]/Image2abc1565780570.png 
[2.9396938649858275, 9.601729011565412, 0.2029962533281398]/[-0.013851395386758144, 0.005043945976963848, -0.7999031249593571, 0.5999480711987297]/Image2abc1565780570.png 
[2.9396837693740836, 9.60175265349068, 0.20300345286685822]/[-0.013720427675619006, 0.005095387343112644, -0.7999216214270293, 0.5999259841561907]/Image2abc1565780570.png 
[2.939648879159181, 9.601741143260504, 0.2030354338104669]/[-0.013802063729729272, 0.004924846362199443, -0.7999345049115489, 0.5999083569821514]/Image2abc1565780570.png 
[2.9396233608452396, 9.601766151845906, 0.20308858304620483]/[-0.013794099641989804, 0.004879020911721764, -0.7999993067463689, 0.5998224963898396]/Image2abc1565780570.png 
[2.93955880389227, 9.601859247302642, 0.2031943056707647]/[-0.013792500939370102, 0.0048375900821892035, -0.8002502821847535, 0.5994879902910956]/Image2abc1565780570.png 
[2.939475319493687, 9.602013145100376, 0.20330807301210085]/[-0.01383138927762413, 0.004856595219439851, -0.8006796465175265, 0.5989133575118308]/Image2abc1565780570.png 
[2.9393967726313592, 9.60222998395404, 0.20339678887882193]/[-0.013832463608806855, 0.00502483089442906, -0.8012327593244697, 0.5981717808542039]/Image2abc1565780570.png 
[2.9392361667642697, 9.602474539823934, 0.20351510399834494]/[-0.013922543323800492, 0.0050024400123018, -0.8019912114606222, 0.5971526062249446]/Image2abc1565780571.png 
[2.9390213918465293, 9.60276628341328, 0.20361294056072535]/[-0.01402944391295644, 0.004946256953063015, -0.8028777645261237, 0.595958055969698]/Image2abc1565780571.png 
[2.9387571517920246, 9.603079968645092, 0.20373230993754463]/[-0.014240540439376365, 0.00476439877489986, -0.8038889768956633, 0.5945897916529947]/Image2abc1565780571.png 
[2.9384802554479843, 9.603426027585508, 0.2038433609216322]/[-0.014483060906557934, 0.0046302088081629795, -0.8050092724577541, 0.5930673430313012]/Image2abc1565780571.png 
[2.938205610770314, 9.603816058012585, 0.20393703210495284]/[-0.014735654525930912, 0.004597142413201438, -0.8062214155654951, 0.5914125090416116]/Image2abc1565780571.png 
[2.937846979886017, 9.604204954909394, 0.20401976334717847]/[-0.014878667522675913, 0.004329774213454097, -0.8075563703798807, 0.5895867934128809]/Image2abc1565780571.png 
[2.9375313753457064, 9.604648947848741, 0.20416805777234184]/[-0.015307394193961673, 0.003972510424937831, -0.8089135312612671, 0.587714898387255]/Image2abc1565780571.png 
[2.9371100872940876, 9.605101640985922, 0.20425526918544656]/[-0.015561588957577435, 0.0036143665877645657, -0.8104923620727849, 0.5855313008925846]/Image2abc1565780571.png 
[2.936853333774426, 9.60574368168715, 0.20433845876158072]/[-0.015930651985031286, 0.0031513966487761577, -0.8116763887683832, 0.5838816001060577]/Image2abc1565780571.png 
[2.936631225811091, 9.606505063924509, 0.20441148692391903]/[-0.01608270918640309, 0.0027713693459877338, -0.8128607887573864, 0.5822293397604532]/Image2abc1565780571.png 
[2.9363862118104196, 9.607340851118597, 0.20449031909597504]/[-0.016184064499773883, 0.00232989743540126, -0.8141581523837078, 0.5804129138306235]/Image2abc1565780571.png 
[2.93610261871364, 9.608224566671657, 0.2045300560155295]/[-0.016258451831330668, 0.0018292473259716698, -0.815531954532805, 0.5784807237360393]/Image2abc1565780572.png 
[2.9358217241306286, 9.609157040055434, 0.20447775996156156]/[-0.015887015677212356, 0.0017549085803455968, -0.8170455008228424, 0.5763516050241352]/Image2abc1565780572.png 
[2.9354561557573673, 9.610035951536316, 0.20455013474651032]/[-0.01584665758543509, 0.0016564880341276252, -0.8188918477765412, 0.5737266606458905]/Image2abc1565780572.png 
[2.9350596022889084, 9.610909142919608, 0.20459111806852426]/[-0.015757182278964263, 0.0017872028945583997, -0.8209672729656716, 0.5707549858141844]/Image2abc1565780572.png 
[2.9345059056255587, 9.611683281403108, 0.2046718091522674]/[-0.015918677082934252, 0.0016251659095647833, -0.8233092652748414, 0.5673674367359275]/Image2abc1565780572.png 
[2.9338908583773136, 9.612465687346221, 0.20464574283762713]/[-0.015943364370667464, 0.0017072754398535447, -0.825845377957503, 0.5636686136812525]/Image2abc1565780572.png 
[2.933123433904513, 9.613103224399014, 0.204605314335699]/[-0.016291636275557245, 0.0013617371664322664, -0.8284160011572302, 0.5598746799829568]/Image2abc1565780572.png 
[2.932187088405314, 9.613434048712724, 0.20454387111769312]/[-0.016874481454046998, 0.0007464817359658077, -0.8308454466339348, 0.5562468323040882]/Image2abc1565780572.png 
[2.931037008248118, 9.6134220363947, 0.2044617418519005]/[-0.017214454981002703, 0.00010363165493306917, -0.833123715026402, 0.5528187110263127]/Image2abc1565780572.png 
[2.9297755527556224, 9.61306186298626, 0.2043426177390838]/[-0.017492291588963562, -0.00046013681259501026, -0.8352725232068374, 0.5495576584715778]/Image2abc1565780572.png 
[2.9284267460656195, 9.612356875722897, 0.2041490997022053]/[-0.017692746283288374, -0.0009110595605624712, -0.83725820348165, 0.546520665118998]/Image2abc1565780573.png 
[2.9269941630160523, 9.611278930488218, 0.2038848468661257]/[-0.017838979076455982, -0.00123126901035023, -0.8390856253100974, 0.5437054057116744]/Image2abc1565780573.png 
[2.925470830758349, 9.60974468249698, 0.20369929390373748]/[-0.018073150084666912, -0.0016150868732686763, -0.8406950902429718, 0.5412046913892846]/Image2abc1565780573.png 
[2.924009360180985, 9.607769134879725, 0.20367697353958794]/[-0.018516320433802514, -0.0017111758866857573, -0.8422025079068757, 0.5388405640168957]/Image2abc1565780573.png 
[2.9225102018841898, 9.605522840845307, 0.20359904990074104]/[-0.018935941180434013, -0.0013932348674487952, -0.8437529173493155, 0.5363958458943678]/Image2abc1565780573.png 
[2.9208585276017556, 9.602970322596926, 0.203756703423533]/[-0.019225648791286933, -0.0011492471328776854, -0.8453372814709481, 0.5338856939597545]/Image2abc1565780573.png 
[2.9190948862105266, 9.600169065116042, 0.20392812238163138]/[-0.019468910065683024, -0.000767640741669926, -0.8469023606307625, 0.5313913471506551]/Image2abc1565780573.png 
[2.91719615449515, 9.59713666211525, 0.20402887611208434]/[-0.019737172392016437, -0.00030150724119940963, -0.8484710826131758, 0.5288734962999914]/Image2abc1565780573.png 
[2.915069880895615, 9.593861147024441, 0.20407370815317166]/[-0.020274896312092384, -4.061625413758312e-05, -0.8501588373947129, 0.5261357981828683]/Image2abc1565780573.png 
[2.912695745344151, 9.59030602070911, 0.20408840597256078]/[-0.021246260934958894, 1.2697757208443924e-05, -0.8520459214901561, 0.5230357004135001]/Image2abc1565780573.png 
[2.9100808518709913, 9.58655074337464, 0.20422669192075238]/[-0.02177908211615109, -0.00025205021555019084, -0.8539674541962136, 0.5198703638663247]/Image2abc1565780573.png 
[2.9073319550913146, 9.582603213039631, 0.20423440651088035]/[-0.022186820070172027, -0.00027306462483185217, -0.8558522484053082, 0.5167442301085357]/Image2abc1565780574.png 
[2.904501332591667, 9.578403548113725, 0.2041272489624694]/[-0.02267596126285954, 0.00020058360808250996, -0.8577559407424357, 0.5135567219578386]/Image2abc1565780574.png 
[2.901388049911149, 9.573934532355496, 0.20420192399594994]/[-0.02301548268544015, 0.00028400589834468287, -0.8597753711816596, 0.5101534259483568]/Image2abc1565780574.png 
[2.8980156159356016, 9.56921585251046, 0.2043742177882564]/[-0.023402518202581372, 0.00037391321284888015, -0.8618705472934747, 0.5065879410711762]/Image2abc1565780574.png 
[2.8944394062473253, 9.564255876095979, 0.20447104782090922]/[-0.02387435407231702, 0.0005721760583241598, -0.8639712529972873, 0.5029745140923993]/Image2abc1565780574.png 
[2.8906819896088414, 9.559258658069263, 0.20491914860287908]/[0.023022031242226453, -0.00043295673154559604, 0.8658474198888774, -0.4997779948114207]/Image2abc1565780574.png 
[2.8868056286761825, 9.55417679651177, 0.20534736144390114]/[0.021695639096316978, -0.00041943634192721823, 0.8675782902267818, -0.4968269654965715]/Image2abc1565780574.png 
[2.8828103410574495, 9.548930175161855, 0.20553348243991829]/[0.02037731076961827, -0.000523395484896408, 0.8692188663582172, -0.4940071392499308]/Image2abc1565780574.png 
[2.8786156073535945, 9.543553028050253, 0.20560813316716786]/[0.01862779870278946, -0.00041965825261926155, 0.8707121356281032, -0.4914399310926891]/Image2abc1565780574.png 
[2.874302766077268, 9.537992513120866, 0.20586215996476062]/[0.016757389609897432, -0.0006105932968502839, 0.8720919016359325, -0.4890547333073375]/Image2abc1565780574.png 
[2.8698998131104156, 9.531955818813021, 0.20641326166322516]/[0.016235799745362833, -0.0007859600375206464, 0.8734145594153263, -0.48670605962406027]/Image2abc1565780574.png 
[2.8655053167255318, 9.525755697208742, 0.20674251070522762]/[0.015538618486605626, -0.000987405325539071, 0.8744665881789534, -0.4848358098623816]/Image2abc1565780575.png 
[2.8611630337103464, 9.519289313532099, 0.20702628672997642]/[0.01505540574109888, -0.0016630934098293534, 0.8752460807348766, -0.48344065513413215]/Image2abc1565780575.png 
[2.8567753949475145, 9.51259957853601, 0.20730468198302526]/[0.014659305683973297, -0.0023526942973231373, 0.8758506174088097, -0.4823538800206899]/Image2abc1565780575.png 
[2.852166611101039, 9.505784550834347, 0.20761002069053788]/[0.014053472312920976, -0.0023909005923272793, 0.8763024705817233, -0.48155037489620495]/Image2abc1565780575.png 
[2.847459696903192, 9.498861796818115, 0.20795687894879192]/[0.013423741176772603, -0.0027966933691319362, 0.8764516403364367, -0.4812946123016415]/Image2abc1565780575.png 
[2.842731541597953, 9.491716741471059, 0.20827514049397058]/[0.01281742684496477, -0.003069273736634407, 0.8763527391184811, -0.4814895323548988]/Image2abc1565780575.png 
[2.8380687813463523, 9.484290439825637, 0.2083736467219711]/[0.01263748387720465, -0.003581530701319981, 0.8760395537670936, -0.4820603353052814]/Image2abc1565780575.png 
[2.8335064469549227, 9.476675989795279, 0.20859912747690254]/[0.012133307948836752, -0.0038570883913891796, 0.8754302244769321, -0.4831768079902304]/Image2abc1565780575.png 
[2.828974043037679, 9.468901227481123, 0.20881295109619635]/[0.01173475418910913, -0.0040770618501111446, 0.8745284236032058, -0.4848151291171547]/Image2abc1565780575.png 
[2.824547330347057, 9.46100374589433, 0.2089984151438431]/[0.011534381992103564, -0.004300657737926053, 0.873345678503053, -0.4869453647126373]/Image2abc1565780575.png 
[2.794692535415078, 9.40712370551201, 0.209925557663864]/[0.009949947547648797, -0.005855197970230303, 0.868013942729544, -0.49640559064905815]/Image2abc1565780576.png 
[2.7904045293858295, 9.399975524985395, 0.21004136424923797]/[0.009918277570533455, -0.0052928972004957575, 0.8677860216712818, -0.4968108630064246]/Image2abc1565780576.png 
[2.7861655553579245, 9.392768474026292, 0.21013339735304432]/[0.009406710874727022, -0.004982434489153809, 0.867402245478308, -0.49749375239923327]/Image2abc1565780576.png 
[2.781969789759769, 9.38554747425264, 0.2102134505392865]/[0.009507642759130167, -0.005110253881231262, 0.866944480055677, -0.4982878269990408]/Image2abc1565780576.png 
[2.777937969317707, 9.378319909595557, 0.2104589158479088]/[0.008983998548282295, -0.005199504328272545, 0.866384371192238, -0.499269841146704]/Image2abc1565780576.png 
[2.7739802269448504, 9.371191585270031, 0.21062270234572802]/[-0.008729170938431497, 0.005315822769877165, -0.8654708301646113, 0.5008550546187848]/Image2abc1565780576.png 
[2.7700610586605436, 9.364121555302795, 0.21058929023704204]/[-0.009084413143338766, 0.005127576743670614, -0.8643183750168046, 0.5028368801141071]/Image2abc1565780576.png 
[2.766395503745406, 9.35702183266224, 0.21056574892919042]/[-0.009370264092038965, 0.00496072869529484, -0.8629317368413183, 0.5052092703758343]/Image2abc1565780576.png 
[2.7629466237728577, 9.349972220044327, 0.21061225187061508]/[-0.009496200128694456, 0.004755797763294549, -0.8613311930776555, 0.5079328502884737]/Image2abc1565780577.png 
[2.759687310809721, 9.342995702281312, 0.21080492255643793]/[-0.00993909865849743, 0.005084314818306902, -0.8595918797519689, 0.5108592412056003]/Image2abc1565780577.png 
[2.7565464827809043, 9.336094175298085, 0.2107438386518116]/[-0.010059388618628253, 0.004830923736859288, -0.8576177142301344, 0.5141666336073819]/Image2abc1565780577.png 
[2.753580067075936, 9.32919689168263, 0.21075226326921975]/[-0.01018295875254814, 0.004678002792243351, -0.8555093148570185, 0.5176661432176091]/Image2abc1565780577.png 
[2.750722876715442, 9.32234335905232, 0.21078103974730014]/[-0.01019601508612761, 0.004592934690969443, -0.8532252816593467, 0.5214226356465707]/Image2abc1565780577.png 
[2.7480017549310376, 9.31545896594783, 0.21076823338708456]/[-0.01033786789029004, 0.004321512251401484, -0.85083006241939, 0.525321480526697]/Image2abc1565780577.png 
[2.7454009265891712, 9.308652264236283, 0.2107717560453066]/[-0.010791703678351253, 0.004192726063627978, -0.8483401432378712, 0.5293250055977164]/Image2abc1565780577.png 
[2.743011282590781, 9.30197061319843, 0.21086408122971992]/[-0.010972488321889764, 0.004421954057816117, -0.8457784337657082, 0.5334031231621745]/Image2abc1565780577.png 
[2.7407430247874496, 9.295422132675963, 0.2109357753045027]/[-0.011163673191831109, 0.004626291359224596, -0.8432564272167021, 0.5373756300641556]/Image2abc1565780577.png 
[2.7385574385377103, 9.28900152755783, 0.21091483936256494]/[-0.01100755617471727, 0.004631710324823466, -0.8407257493045729, 0.5413294703069396]/Image2abc1565780577.png 
[2.7364539194379014, 9.282759556146722, 0.21100267202841821]/[-0.011094890595713806, 0.004894296958496123, -0.8384163941993888, 0.5448953103098302]/Image2abc1565780577.png 
[2.7343270788671696, 9.27671041814335, 0.21099106298871623]/[-0.011191067917735787, 0.004532954599246042, -0.8362604440991883, 0.5481994910217355]/Image2abc1565780578.png 
[2.7323468315071837, 9.270762013372977, 0.21103877452227623]/[-0.011167665653957192, 0.004509277443754622, -0.8342396629457822, 0.5512704730247073]/Image2abc1565780578.png 
[2.730438689803809, 9.264964335445807, 0.21107675768399206]/[-0.011122065458229443, 0.004453906675221204, -0.8323229185162107, 0.5541615483664748]/Image2abc1565780578.png 
[2.7285622667693117, 9.259274916947069, 0.21101630615084793]/[-0.01109122584817489, 0.0041394102695997675, -0.8304071277108457, 0.5570312847936173]/Image2abc1565780578.png 
[2.7268219005252408, 9.2536263016616, 0.21096495064199322]/[-0.011326558889196273, 0.0038503276344587483, -0.8284765252781277, 0.5598960002571164]/Image2abc1565780578.png 
[2.725105416230674, 9.248183828778458, 0.210960624910632]/[-0.011681784540232198, 0.003392349038923879, -0.8266476359349049, 0.5625884053917095]/Image2abc1565780578.png 
[2.72349184948844, 9.24285897633989, 0.21090873371643631]/[-0.011765015959802021, 0.003078989792414998, -0.8248991462994728, 0.5651490977217644]/Image2abc1565780578.png 
[2.722013378092699, 9.237691235079113, 0.21095766599935512]/[-0.011773060589558161, 0.0031730821824321603, -0.8232687091357991, 0.5675208887359944]/Image2abc1565780578.png 
[2.720586286171684, 9.232692553591079, 0.21097858633135966]/[-0.011408476627668643, 0.0031057896661553872, -0.8216148253083672, 0.5699204151152046]/Image2abc1565780578.png 
[2.719166957994983, 9.227760598568128, 0.2109845087641968]/[-0.011419188336311897, 0.0029570069797619125, -0.8198829685675125, 0.572409622648314]/Image2abc1565780578.png 
[2.7179206947437615, 9.222875654931213, 0.21107646093046364]/[-0.011514676811433169, 0.003125329942884573, -0.818150227479704, 0.5748807265908167]/Image2abc1565780578.png 
[2.716745631437705, 9.218122662692394, 0.21108607393036272]/[-0.011396432021413959, 0.003199001166207134, -0.8163962161823873, 0.5773708564967589]/Image2abc1565780579.png 
[2.71557790931363, 9.213461903453998, 0.21101591305188414]/[-0.011408021877030728, 0.0030816069987307307, -0.8145976789349662, 0.579906011530252]/Image2abc1565780579.png 
[2.7145299776279077, 9.2088527227276, 0.21100766039833405]/[-0.011606963842675894, 0.003123338529568593, -0.8127852093538849, 0.5824394617488982]/Image2abc1565780579.png 
[2.7135839764007743, 9.204348337252855, 0.2109263456059545]/[-0.011672929728625174, 0.003012745733000914, -0.8109288115996512, 0.5850206223649521]/Image2abc1565780579.png 
[2.712678354979378, 9.199940864562173, 0.21083667950477794]/[-0.011855571084537988, 0.0029367957801785744, -0.8090638860914378, 0.5875937788025211]/Image2abc1565780579.png 
[2.7119161353307604, 9.195622975409835, 0.21084195727613755]/[-0.01179996061051227, 0.003138467489419424, -0.8072181997672352, 0.5901268413789975]/Image2abc1565780579.png 
[2.7111846607594834, 9.191443924805244, 0.21085282401241523]/[-0.011678738348175904, 0.003282525942494868, -0.8052960957099989, 0.5927487075719895]/Image2abc1565780579.png 
[2.7105008363497265, 9.187324797924894, 0.21083695617582449]/[-0.011732475515810043, 0.0032641489613159445, -0.8033146399056461, 0.595430334852946]/Image2abc1565780579.png 
[2.709878704246541, 9.183271899200273, 0.21077896235533586]/[-0.011742601917111503, 0.0031360779572585547, -0.8012749240542602, 0.5981728616354155]/Image2abc1565780579.png 
[2.709314155596536, 9.179114593246652, 0.2106494586597694]/[-0.012210581240916363, 0.003020840104152051, -0.7992225748378462, 0.6009035297786054]/Image2abc1565780579.png 
[2.7086306821361985, 9.1747159492136, 0.21051937552847028]/[-0.012884534378283135, 0.002729496911372912, -0.797451608201439, 0.6032391492579077]/Image2abc1565780579.png 
[2.707781256576718, 9.170077727656045, 0.21043547182648048]/[-0.013382422874288128, 0.002283653311501269, -0.7959155722766871, 0.6052553985657958]/Image2abc1565780580.png 
[2.706805644815899, 9.165122982851548, 0.21047306777698846]/[-0.01431909371354405, 0.001866049617760687, -0.7948608774079847, 0.6066198702484576]/Image2abc1565780580.png 
[2.705645437561055, 9.15985068866209, 0.210484110224276]/[-0.015635772589642414, 0.00113772016421509, -0.7941687182319741, 0.6074950824411145]/Image2abc1565780580.png 
[2.7042625873190005, 9.154282836721098, 0.21040838398859765]/[-0.016872869139488326, 1.8870808292062582e-05, -0.7936340975113741, 0.6081613479975531]/Image2abc1565780580.png 
[2.7026382157307225, 9.148420241368244, 0.21049984275615932]/[-0.018041055654993636, -0.0013359492973464481, -0.7933940525626509, 0.6084394899318598]/Image2abc1565780580.png 
[2.700799573346695, 9.142352390169966, 0.21066365185709554]/[-0.018688330552777327, -0.002972827259153893, -0.793185707952559, 0.6086857492163219]/Image2abc1565780580.png 
[2.698968787928233, 9.136063539430237, 0.21118340136005717]/[-0.01913433542980077, -0.003940065684613434, -0.7931789570052729, 0.6086751968448265]/Image2abc1565780580.png 
[2.6971733892633893, 9.129671982395433, 0.21141465496146075]/[-0.019064826559247322, -0.004499790568321994, -0.7929908772235525, 0.6089185108972528]/Image2abc1565780580.png 
[2.6954018174458008, 9.123154940955345, 0.2112227600595008]/[-0.0187450990516118, -0.0049108486136006605, -0.792609667887547, 0.6094213806543317]/Image2abc1565780580.png 
[2.6936177069228413, 9.116509690012418, 0.2107959030205285]/[-0.017735111022497682, -0.00501501016724037, -0.7920489319726506, 0.6101793218972812]/Image2abc1565780580.png 
[2.6918085904778746, 9.109905480229484, 0.21047836598079406]/[-0.015275639333042924, -0.004433790296626715, -0.7912589810640808, 0.6112742602400376]/Image2abc1565780580.png 
[2.6898702459679313, 9.103368501618396, 0.21051821947799068]/[-0.013337750220850788, -0.003910194890455373, -0.7908532538860558, 0.6118479758998983]/Image2abc1565780581.png 
[2.688027137520438, 9.096666405720935, 0.21084681733884297]/[-0.013362549202509743, -0.0032469500398520715, -0.7904066629774655, 0.6124281237133677]/Image2abc1565780581.png 
[2.6862959679711262, 9.089818238343646, 0.21099759705091556]/[-0.01333114542162354, -0.002864648581130837, -0.7898107624196449, 0.6131990165650573]/Image2abc1565780581.png 
[2.684601967378043, 9.082932023390008, 0.21098045751312844]/[-0.013289468395067222, -0.0029325229315556394, -0.7889762271626782, 0.6142729876131446]/Image2abc1565780581.png 
[2.682913520341204, 9.075935755557651, 0.21128419019679226]/[-0.013522095488642489, -0.003416349190626669, -0.7880149405596095, 0.6154981193688885]/Image2abc1565780581.png 
[2.681327629895026, 9.068644450638022, 0.2117753672828883]/[-0.013875275886679781, -0.0036187911824569234, -0.7868945695647861, 0.6169208356498395]/Image2abc1565780581.png 
[2.6799088541713494, 9.061235994445575, 0.21199904976408335]/[-0.013829006989861467, -0.0035799224627724485, -0.7856114034231582, 0.6185553051525232]/Image2abc1565780581.png 
[2.678462702896759, 9.053640019640726, 0.21215671083277415]/[-0.014036911707662364, -0.003727986296287306, -0.784274980802082, 0.6202433568493739]/Image2abc1565780581.png 
[2.677035265630302, 9.04584353965716, 0.21240247859840944]/[-0.014132983790166037, -0.0037426377054148125, -0.7829418564029025, 0.6219230667249525]/Image2abc1565780581.png 
[2.675594725851649, 9.03781354069858, 0.21246555309278162]/[-0.0144453357214297, -0.003984195309426334, -0.7815834937239519, 0.623620638531065]/Image2abc1565780581.png 
[2.6739969133217194, 9.029572297485661, 0.21269624815860888]/[-0.014314035907374196, -0.0043387374985948135, -0.7802769682842237, 0.6252552570735741]/Image2abc1565780581.png 
[2.67239545431944, 9.021108699274755, 0.21287754080029958]/[-0.013922838412940747, -0.004442491833184976, -0.7790668444503954, 0.6267705088107949]/Image2abc1565780582.png 
[2.6708447379363376, 9.01246526897861, 0.2128896898300302]/[-0.013449446005474644, -0.004110221816156481, -0.7778157008671441, 0.6283350650435809]/Image2abc1565780582.png 
[2.669429760950498, 9.00354888464461, 0.21296990687968398]/[-0.013626960569233584, -0.0035237821266438387, -0.7766268447299448, 0.6298036463454134]/Image2abc1565780582.png 
[2.6679183628223955, 8.994517298650274, 0.21288525438866504]/[-0.013193328040446447, -0.0033079548567540463, -0.7753183802322405, 0.6314241069233403]/Image2abc1565780582.png 
[2.66630260653809, 8.985406670445109, 0.2130455496000937]/[-0.012563523348382864, -0.0031310468692799407, -0.7737752922597758, 0.6333278388914193]/Image2abc1565780582.png 
[2.6647964513317812, 8.976008034201572, 0.2133981018487337]/[-0.012135631825449248, -0.002785813184075376, -0.7721032787453854, 0.6353750802759944]/Image2abc1565780582.png 
[2.6634490444108474, 8.966501700433916, 0.2136071670918391]/[-0.011482513257694666, -0.0021997463396888324, -0.7703284236323742, 0.6375401420690224]/Image2abc1565780582.png 
[2.6622089299405562, 8.956932207257674, 0.21403985015488283]/[-0.010526248469424853, -0.0010751552778008018, -0.7684108835128114, 0.6398693274672173]/Image2abc1565780582.png 
[2.6610376190149747, 8.947322051881853, 0.21441312812702248]/[-0.009545355988900571, -7.716819985711478e-05, -0.7663737338758795, 0.6423240461396854]/Image2abc1565780582.png 
[2.659816450683265, 8.93771032669313, 0.21476515799813847]/[-0.00875241844517484, 0.0005750579926763876, -0.7641809022293862, 0.644942333195416]/Image2abc1565780582.png 
[2.6585885094937747, 8.927946028188762, 0.215112377907606]/[-0.008136218205509685, 0.0012738582846649978, -0.7618173278561166, 0.6477395604844197]/Image2abc1565780582.png 
[2.657435724435948, 8.917969710934988, 0.21524108830037728]/[-0.007827234774021679, 0.0014719542631783096, -0.7594312031288069, 0.6505388654498455]/Image2abc1565780583.png 
[2.656344341814928, 8.90775789889354, 0.21526025693772033]/[-0.007362792187014652, 0.0014328015218279214, -0.7569537393783816, 0.6534254148807613]/Image2abc1565780583.png 
[2.655271823447665, 8.89729260139689, 0.21537446160368925]/[-0.007363486379572563, 0.0010986752038845526, -0.7545150436722374, 0.6562405205817573]/Image2abc1565780583.png 
[2.6542725459841363, 8.88640187919848, 0.21533797077325556]/[-0.007627793935518254, 0.0002198789343351101, -0.7521654303877098, 0.6589301432948735]/Image2abc1565780583.png 
[2.6533529714457655, 8.875202930007882, 0.21526111383857677]/[-0.008084317564563142, -0.0004110571889903499, -0.7500104523296339, 0.661376440643149]/Image2abc1565780583.png 
[2.652423212581241, 8.863859106505068, 0.21493132516594649]/[-0.00786390609842471, -0.00090592235592212, -0.747773471642999, 0.6639067505249041]/Image2abc1565780583.png 
[2.65184330509878, 8.85232682792537, 0.21453741321222414]/[-0.0081316172421406, 0.0001564276776563934, -0.7457127515188513, 0.6662179407323049]/Image2abc1565780583.png 
[2.6516048411300863, 8.840735317972136, 0.21433479627575985]/[-0.008322087884919479, 0.0022916213098639377, -0.7436848757067581, 0.6684746045812298]/Image2abc1565780583.png 
[2.6512149328470525, 8.829379416163604, 0.21442469111681975]/[-0.007900600855461383, 0.0032777364147614555, -0.7410634446854379, 0.6713805239214725]/Image2abc1565780583.png 
[2.650848950328112, 8.818120087697311, 0.21473400688966607]/[-0.007422728858794033, 0.0034780319381024394, -0.7379498307210071, 0.6748057896379991]/Image2abc1565780583.png 
[2.6507397295051502, 8.806848211261137, 0.2148664823056188]/[-0.007008549663646582, 0.00390843891180162, -0.7347953070729102, 0.6782414474510627]/Image2abc1565780584.png 
[2.6517714747624304, 8.799576742683401, 0.21481024653826458]/[-0.007799828082091362, 0.003946911850682177, -0.730895179968812, 0.6824337480423215]/Image2abc1565780584.png 
[2.652890509162768, 8.794286858382685, 0.2148410196183259]/[-0.00823012407576554, 0.004215511146724259, -0.7260734733876406, 0.6875549474524028]/Image2abc1565780584.png 
[2.6539061831922357, 8.788925809387651, 0.21471889308869208]/[-0.00819503360380838, 0.004063016955203629, -0.7209724106455199, 0.6929033961566664]/Image2abc1565780584.png 
[2.6550247689275603, 8.78344444155819, 0.21455232802697888]/[-0.007827738268694135, 0.00417611848539903, -0.7159186806105343, 0.6981273016440945]/Image2abc1565780584.png 
[2.656116007094431, 8.778023380873101, 0.21443171080129894]/[-0.007628528517010511, 0.004382014457085568, -0.7109691711541326, 0.7031681457307127]/Image2abc1565780584.png 
[2.657226038261365, 8.772553505082177, 0.2142728569982783]/[-0.00730564489682023, 0.004367491287876741, -0.7062841036321759, 0.7078773322610252]/Image2abc1565780584.png 
[2.658387430765785, 8.766983208720484, 0.21409867596578175]/[-0.007156221462950017, 0.004102932005350717, -0.7017687210671616, 0.7123570850178251]/Image2abc1565780584.png 
[2.659630969388259, 8.765876837360747, 0.21429129942217556]/[-0.007488444776385529, 0.005368083889682169, -0.7027182435560532, 0.7114085865687031]/Image2abc1565780584.png 
[2.660519705086262, 8.765318750813664, 0.21432556114723847]/[-0.007806439262338063, 0.006035532737316409, -0.7038481891145544, 0.7102818866694989]/Image2abc1565780584.png 
[2.661168905478956, 8.764883007258609, 0.21414816915313212]/[-0.008033633218579183, 0.006157977164986299, -0.704798024367924, 0.7093358054557912]/Image2abc1565780584.png 
[2.6616616764030767, 8.76461525008922, 0.21389889791417746]/[-0.008446519554775107, 0.00638184156114948, -0.7053970154131307, 0.7087333624515969]/Image2abc1565780585.png 
[2.661946353711701, 8.764486526036356, 0.21371359841262602]/[-0.00874896699627513, 0.006563296653889324, -0.7056875258665156, 0.7084387726190083]/Image2abc1565780585.png 
[2.6620065359152028, 8.764484717656341, 0.21355160207505663]/[-0.00894336878398916, 0.006498376768079719, -0.7057371520284202, 0.7083875065957813]/Image2abc1565780585.png 
[2.6619574367782834, 8.764528037444993, 0.2134315379911181]/[-0.008993371817130155, 0.0061802542544035916, -0.7057139991504898, 0.7084127858273962]/Image2abc1565780585.png 
[2.6618989287225254, 8.764569368585954, 0.2133502848462044]/[-0.008991284437015683, 0.0058624471083844895, -0.7056857442733347, 0.7084436596141316]/Image2abc1565780585.png 
[2.661846888286852, 8.764606445279314, 0.21327610663159138]/[-0.008991258402180976, 0.005577825716456381, -0.7056604908514911, 0.7084711121731463]/Image2abc1565780585.png 
[2.66181254907745, 8.764634587488024, 0.21320458425962546]/[-0.009014570520671195, 0.005370051857352874, -0.7056437301540375, 0.7084891150580037]/Image2abc1565780585.png 
[2.6617985279812686, 8.764647731613763, 0.2131571439977672]/[-0.008988187160544827, 0.005305091292771233, -0.7056239112739103, 0.7085096783647005]/Image2abc1565780585.png 
[2.661797383616722, 8.764672441147253, 0.21312386762298538]/[-0.00892151204031496, 0.005285019886043018, -0.7055635900034678, 0.7085707414571514]/Image2abc1565780585.png 
[2.661797309645472, 8.76472871873439, 0.21310427186667388]/[-0.008835814825706804, 0.005204959343846952, -0.7054425805584607, 0.7086928829257526]/Image2abc1565780585.png 
[2.6618060979530282, 8.76480405571695, 0.213084967481173]/[-0.008733896576706477, 0.00512268550311627, -0.7052776232508804, 0.7088589078832351]/Image2abc1565780585.png 
[2.661815378290629, 8.7649354071073, 0.21308600997870586]/[-0.00862028763012538, 0.004915873684937723, -0.7050115872268471, 0.7091263545398446]/Image2abc1565780586.png 
[2.661817030367158, 8.76496354281587, 0.213035894764568]/[-0.008688047194127716, 0.0048180994831669086, -0.704980680318972, 0.709156924897672]/Image2abc1565780586.png 
[2.6618050955370354, 8.764996913903301, 0.2129971173892607]/[-0.008600879499075134, 0.004749870405962298, -0.7049069571147488, 0.7092317289956751]/Image2abc1565780586.png 
[2.66179826335905, 8.765009692058873, 0.21295368948707497]/[-0.008639883444087539, 0.0046728642191936395, -0.7049007818363665, 0.7092379040354095]/Image2abc1565780586.png 
[2.661791647024416, 8.76502166667019, 0.21289995815774254]/[-0.008685016155033897, 0.00459580535108593, -0.7048975317034162, 0.7092410865608345]/Image2abc1565780586.png 
[2.661777675670166, 8.765035956325148, 0.21285307768009865]/[-0.008712448202063823, 0.004494591616211137, -0.7048907483779338, 0.7092481404584198]/Image2abc1565780586.png 
[2.661760594421538, 8.765051267929614, 0.212808817718854]/[-0.008732795193594392, 0.004383272056421017, -0.7048824072800557, 0.7092568766823907]/Image2abc1565780586.png 
[2.6617513256758722, 8.765063909885756, 0.2127585067198449]/[-0.008770460908576914, 0.00429810305102681, -0.70487788107337, 0.7092614314194238]/Image2abc1565780586.png 
[2.66173333892596, 8.765079492112731, 0.21271531142913097]/[-0.008788339106928016, 0.004183943036575879, -0.7048690286113388, 0.7092706903721004]/Image2abc1565780586.png 
[2.6617149154263156, 8.765093487343902, 0.21268280708908513]/[-0.008794891953858207, 0.004078391094484161, -0.7048599741808367, 0.7092802220557055]/Image2abc1565780586.png 
[2.6617012732461287, 8.765105743903028, 0.21264720137546045]/[-0.008811442471019617, 0.0039894305758355975, -0.704853244723043, 0.7092872100416435]/Image2abc1565780586.png 
[2.661644062240471, 8.714769548232058, 0.2122649627066543]/[-0.0059389691567283305, 0.005145469653420281, -0.7048938235021325, 0.7092693073691725]/Image2abc1565780587.png 
[3.5558306666933643, 6.58667191712704, 0.18164528373674876]/[0.015521861687159204, -0.0038569165000262523, 0.9992369479857813, 0.03563309956960577]/Image2abc1565780602.png 
[3.551395700483461, 6.587076742231433, 0.18176752177039973]/[0.01644338415093163, -0.0035935919278755495, 0.9992230835535192, 0.03563608436006529]/Image2abc1565780602.png 
[3.546666246440752, 6.587505814378977, 0.18189230736455542]/[0.017274079131323866, -0.00329757845497279, 0.9992111843045169, 0.035605355317180856]/Image2abc1565780602.png 
[3.5416323243477557, 6.5879813372496, 0.18195472834467008]/[0.0180763297347309, -0.0029420237302181427, 0.9991975592611448, 0.03562061715162982]/Image2abc1565780602.png 
[3.5362653704229134, 6.588467154136112, 0.18223831858043438]/[0.018935947726485203, -0.0026452552330832363, 0.9991808426064304, 0.03566617833123526]/Image2abc1565780602.png 
[3.530682612480441, 6.588952686049785, 0.18246218279882112]/[0.019447753873318263, -0.002387115246158877, 0.9991709238040712, 0.03568685436688427]/Image2abc1565780602.png 
[3.524856917139314, 6.58944614366231, 0.1825995853134012]/[0.019670087150487757, -0.002137991542831833, 0.9991673050471527, 0.03568211300449138]/Image2abc1565780602.png 
[3.518772458384466, 6.589965700021806, 0.18266425119805216]/[0.019699673870114922, -0.0018157582388066032, 0.9991696907461404, 0.035616779271733214]/Image2abc1565780602.png 
[3.512432120358642, 6.590523863653129, 0.18279339213027493]/[0.019583609756097308, -0.0013803906708376949, 0.9991772060994316, 0.03548925980984518]/Image2abc1565780602.png 
[3.505707672528771, 6.590991623767873, 0.18295171674775915]/[0.019954578231408764, -0.001424786514017413, 0.9991709899201416, 0.035455855553072055]/Image2abc1565780602.png 
[3.4986539880305583, 6.591412352408346, 0.18304197642625325]/[0.0204826240216374, -0.0017159442623991322, 0.9991602387012668, 0.03544481692580569]/Image2abc1565780603.png 
[3.4914085456053114, 6.591775444194816, 0.18319783757712094]/[0.020406076836721087, -0.002269804095339155, 0.9991586605233879, 0.035502269203700074]/Image2abc1565780603.png 
[3.4839368875527366, 6.592154493778533, 0.18327620450516122]/[0.020006335010879995, -0.0027760733762379145, 0.9991652567248436, 0.03550816427273643]/Image2abc1565780603.png 
[3.476218659986779, 6.5927008961904585, 0.18321974300769436]/[0.019440727777347493, -0.0026673238179986854, 0.9991820302462268, 0.035358364217897564]/Image2abc1565780603.png 
[3.468110084005226, 6.593358637486947, 0.18313553514796357]/[0.0196288038158003, -0.0022217662741792817, 0.9991895056694811, 0.03507286095204991]/Image2abc1565780603.png 
[3.459528287658806, 6.593983555929483, 0.18320233326357954]/[0.020631186149819403, -0.0020064518687161388, 0.9991797987687667, 0.03478588853769513]/Image2abc1565780603.png 
[3.450697841192027, 6.594757762654698, 0.18350726004442044]/[0.02118877150939709, -0.0012482595799145197, 0.9991835539744162, 0.03437591128972083]/Image2abc1565780603.png 
[3.441645932014136, 6.595436118372114, 0.18390086211770434]/[0.021148639688996728, -0.0009871699932544596, 0.9991890563543017, 0.03424894445832935]/Image2abc1565780603.png 
[3.4323478284380275, 6.596144456358919, 0.183994861548935]/[0.02118543693294416, -0.0006673448286607942, 0.999193411666168, 0.034106568220263235]/Image2abc1565780603.png 
[3.3730484692199747, 6.600265327803882, 0.18605555304246071]/[0.02078994489518152, -0.00029081346227735166, 0.999207700979793, 0.033936174231376]/Image2abc1565780603.png 
[3.346533073415432, 6.603994386403305, 0.18576801843295448]/[0.01587862588798611, -0.0005436722919216691, 0.9989577669845378, 0.042789641756090686]/Image2abc1565780604.png 
[3.342945127300687, 6.6042564132974135, 0.18581837178529031]/[0.016251955164952765, -0.0007236871163275554, 0.9989515146541087, 0.04279277509739453]/Image2abc1565780604.png 
[3.339002580024245, 6.604627848378658, 0.18590266329174948]/[0.01691192341833813, -0.0006501805128170243, 0.9989403476375323, 0.0427989015443041]/Image2abc1565780604.png 
[3.334731423567765, 6.6050336592955174, 0.1859871289730575]/[0.01760807130306027, -0.0006340876932235442, 0.9989231562556635, 0.042919478724780684]/Image2abc1565780604.png 
[3.330173628631705, 6.605517864437012, 0.18610735847310175]/[0.018169243825822988, -0.0004023916454252337, 0.9989102759669704, 0.04298810564973454]/Image2abc1565780605.png 
[3.325320089872058, 6.605942009924505, 0.1863179897406951]/[0.018651017692718604, -0.00043044423555099786, 0.998900540145212, 0.043007733657908144]/Image2abc1565780605.png 
[3.320253781877422, 6.6062748644001905, 0.1864938040744309]/[0.018715844574192415, -0.0008185907586361239, 0.9988974900329768, 0.04304476131730198]/Image2abc1565780605.png 
[3.31494494374251, 6.606584897610965, 0.18649722832800827]/[0.01861881215957897, -0.00132644405721654, 0.9988984176560015, 0.043052660594507054]/Image2abc1565780605.png 
[3.3093957876804394, 6.606984812203613, 0.18641196359557508]/[0.018237048938669183, -0.0015096861527027939, 0.9989099881738926, 0.042941430113149825]/Image2abc1565780605.png 
[3.3034759318382965, 6.607553461300124, 0.18638562483122686]/[0.018216004927760664, -0.0014667181886032677, 0.9988995462831518, 0.04319400812080779]/Image2abc1565780605.png 
[3.297188365663238, 6.60826648595423, 0.18653622790065688]/[0.018431207510249677, -0.0012377264321666683, 0.9988737002268148, 0.04370457205127403]/Image2abc1565780605.png 
[3.290621419583257, 6.609048188680054, 0.18654025475284372]/[0.018690013370496486, -0.0008369417450658637, 0.9988507812960183, 0.044125951922419686]/Image2abc1565780605.png 
[3.2837089739183063, 6.609830429055753, 0.18648135628026016]/[0.019305736242522523, -0.0004861496848525512, 0.9988271668658031, 0.044399807853765114]/Image2abc1565780605.png 
[3.2764446881079134, 6.610629521651448, 0.18657580814995817]/[0.01991084481086836, -9.360375357533278e-05, 0.9988099366735508, 0.04452257741227999]/Image2abc1565780605.png 
[3.268888330059643, 6.611425278093569, 0.18667725368224294]/[0.020392844530673464, 0.0002393864827133744, 0.9987972565371991, 0.04458828231524683]/Image2abc1565780605.png 
[3.2610698964247242, 6.612184439764717, 0.18676163314199204]/[0.020707674535086328, 0.00038363446333447294, 0.9987891484231816, 0.04462378325560569]/Image2abc1565780606.png 
[3.25301582227709, 6.6129137042262025, 0.18701373601986315]/[0.020403065750292812, 0.0003696119302662995, 0.9987926259834597, 0.04468633545140061]/Image2abc1565780606.png 
[3.244721965115827, 6.613647176365075, 0.18715324181506943]/[0.019970528973902016, 0.00032487206882018526, 0.9988021901762134, 0.04466830341350107]/Image2abc1565780606.png 
[3.236303827891721, 6.614133331267446, 0.18767413270243055]/[0.018531200433453958, -0.0008790075051990326, 0.9988072478390368, 0.04516529221105184]/Image2abc1565780606.png 
[3.2277409195142925, 6.6146575937230665, 0.1882261007269712]/[0.016741496770174714, -0.002153688497027079, 0.9987998636505182, 0.04597734532852316]/Image2abc1565780606.png 
[3.2188127442864984, 6.615659974619921, 0.1889430105469798]/[0.015985855684831938, -0.002406332647970104, 0.9987448046746279, 0.04740756391811751]/Image2abc1565780606.png 
[3.2095875699421077, 6.616707236651525, 0.18955599187029312]/[0.015519792699798836, -0.0030159453508165563, 0.9986663278588582, 0.04914881187882082]/Image2abc1565780606.png 
[3.2002083044777545, 6.617774653028091, 0.1903630409172703]/[0.01441237621157822, -0.0036444502246913727, 0.998584957418119, 0.051059614302785675]/Image2abc1565780606.png 
[3.1905694192777343, 6.618993262146851, 0.19094370794823745]/[0.013731471756677624, -0.004102488913669614, 0.9984827400715918, 0.05316797952936505]/Image2abc1565780606.png 
[3.1807172662871355, 6.620513709638618, 0.1913881515368417]/[0.013212618489126105, -0.00368285781307483, 0.9983851648072635, 0.055126454300660946]/Image2abc1565780606.png 
[3.1706377850226906, 6.62197179026095, 0.1916903335655253]/[0.012455690701607442, -0.0036542408199410226, 0.9982875688701793, 0.05703886510479344]/Image2abc1565780606.png 
[3.160298319354397, 6.62356871572914, 0.19184701838912427]/[0.011864647473413942, -0.003464314863245548, 0.998179987033913, 0.05902492819002093]/Image2abc1565780607.png 
[3.149667154074554, 6.625457293499693, 0.19195981737292211]/[0.011605079818634664, -0.0025819430283302957, 0.9980647628319703, 0.06103593110426464]/Image2abc1565780607.png 
[3.1388331657479975, 6.627420301736789, 0.1920974910227228]/[0.010906445609478767, -0.001597500275317608, 0.9979642596578027, 0.0628158728562424]/Image2abc1565780607.png 
[3.1277355340490667, 6.629254039114414, 0.19215949645863045]/[0.010144492949097072, -0.0013561932274241064, 0.9978420377527991, 0.06485767260761792]/Image2abc1565780607.png 
[3.1162309325348336, 6.631368623782161, 0.19245083460820772]/[0.010076591623649857, -0.0010682299981282955, 0.99766867760628, 0.06748726479312991]/Image2abc1565780607.png 
[3.104482566118687, 6.633418245726664, 0.1927212296634606]/[0.009801784352077353, -0.0012749199923807499, 0.9974771638081775, 0.07029656665671881]/Image2abc1565780607.png 
[3.0924714731660936, 6.635664461304466, 0.19293941188401464]/[0.009666210039450177, -0.0013259908106869687, 0.9972726652252107, 0.07315761974290809]/Image2abc1565780607.png 
[3.080201168724046, 6.638087529468361, 0.19305437926256994]/[0.009753630431634998, -0.0010951078511985566, 0.9970559933927574, 0.07604612726351738]/Image2abc1565780607.png 
[3.067692378478158, 6.640688166222999, 0.19332296910062624]/[0.009605092615593598, -0.0004758148757041894, 0.9968429652818788, 0.07881382089507602]/Image2abc1565780607.png 
[3.05485669891006, 6.643255999566142, 0.19361230260006218]/[0.009705163501882774, -0.0006066348130710425, 0.9966167627679605, 0.081611702380946]/Image2abc1565780607.png 
[3.0418639514433496, 6.64592288877237, 0.1937112963060537]/[0.009706583912324006, -0.0007512078094857295, 0.9964003485051637, 0.08421142092595568]/Image2abc1565780607.png 
[3.028779614582399, 6.648466492592199, 0.19347932113959976]/[0.010104241784285832, -0.0015477764925575538, 0.9961695899504122, 0.08684271267021489]/Image2abc1565780608.png 
[3.015599468682744, 6.650932142772311, 0.19331357136876123]/[0.012319027883863078, -0.0037657970876170815, 0.9958260147001893, 0.09035822469830765]/Image2abc1565780608.png 
[3.0024380643379414, 6.653466405513956, 0.19332187267875464]/[0.015458470670331641, -0.005988814152300636, 0.9954502655131093, 0.09382930608005059]/Image2abc1565780608.png 
[2.9891527284555974, 6.656466053164533, 0.193987224435798]/[0.01743789499787448, -0.006406957617631826, 0.9951438683169965, 0.09666205079147397]/Image2abc1565780608.png 
[2.975729205645527, 6.6596470488458985, 0.19487569767134896]/[0.018591410586634546, -0.006215115363152864, 0.9948853072037668, 0.09909065194804466]/Image2abc1565780608.png 
[2.962130826804507, 6.662897930779078, 0.1956684904048019]/[0.019423581081185914, -0.006077564532781529, 0.9946439898671263, 0.10133667218009598]/Image2abc1565780608.png 
[2.9483171258047456, 6.666184418629502, 0.19629009464991637]/[0.020075241631765973, -0.0060915013218962415, 0.9944096083615759, 0.10348627485444019]/Image2abc1565780608.png 
[2.934407557048148, 6.669729502982762, 0.19683896241822005]/[0.020453598713304794, -0.005166451274353885, 0.9942270482082807, 0.10520235117122577]/Image2abc1565780608.png 
[2.920263204284346, 6.673344560128172, 0.1972578685365515]/[0.020620771372928462, -0.00417040113932136, 0.9940773820463757, 0.10661871339566278]/Image2abc1565780608.png 
[2.905918195549346, 6.676945634610554, 0.19767046629270185]/[0.020306641483805895, -0.003353027849152035, 0.9939482230065605, 0.10790425152880502]/Image2abc1565780608.png 
[2.8913568248829358, 6.68056916616676, 0.19784218694998848]/[0.019934657279146673, -0.002704853032606994, 0.9938214932063008, 0.10915187973843392]/Image2abc1565780609.png 
[2.876582560956875, 6.684219508338074, 0.19790187553674174]/[0.019284456420860033, -0.0021586532428917323, 0.993707290336669, 0.1103144192228919]/Image2abc1565780609.png 
[2.8616040898411956, 6.6879112286955875, 0.19787953171550146]/[0.018302126943327824, -0.001690751084075874, 0.9936037170252712, 0.11141735512785636]/Image2abc1565780609.png 
[2.8464357705936263, 6.691656357725057, 0.1977657897701065]/[0.017001732943199885, -0.0012545318814467204, 0.9935085127635024, 0.1124731180911257]/Image2abc1565780609.png 
[2.8310569655387394, 6.6953829043411, 0.19731790938070015]/[0.015764530604863863, -0.001250499697863346, 0.9934080190642317, 0.11353600082878111]/Image2abc1565780609.png 
[2.815457911166457, 6.699321292463441, 0.19685559297297883]/[0.01419303067618647, -0.0004931064687066473, 0.9933459590952369, 0.11428963328053561]/Image2abc1565780609.png 
[2.799641229655732, 6.703268067504072, 0.19662067863760424]/[0.011898424052199206, 0.00017862604438998735, 0.9933027295887861, 0.11492642424297922]/Image2abc1565780609.png 
[2.7833352407386704, 6.707215190049103, 0.19691067107516222]/[0.010814071105048506, -0.0013544798215393134, 0.9932039234581762, 0.11587574240466915]/Image2abc1565780609.png 
[2.766616740337368, 6.711073100208307, 0.19726804781352164]/[0.01043347748789738, -0.0024729050033634368, 0.9930707471420176, 0.1170278533476064]/Image2abc1565780609.png 
[2.749726187938124, 6.715174318837303, 0.1975269169174095]/[0.009944554654324521, -0.0027755453362998967, 0.9929691962394788, 0.1179219127233644]/Image2abc1565780609.png 
[2.7326469743584063, 6.719594620468393, 0.19795471209197504]/[0.009379481048856154, -0.0022269411508591443, 0.9928999787015536, 0.11856094788259458]/Image2abc1565780609.png 
[2.7152037622600074, 6.724020181834944, 0.19847219842241962]/[0.00946310304695078, -0.0020900798935267204, 0.9928090824944761, 0.11931557720280303]/Image2abc1565780610.png 
[2.6975169187322994, 6.728545557640026, 0.198855707867428]/[0.009733926673602634, -0.0018862832932980324, 0.9927274250466475, 0.11997479804985403]/Image2abc1565780610.png 
[2.6795929024273546, 6.733170649390229, 0.19916450876597364]/[0.010067285170848808, -0.001581172455600736, 0.9926569695258883, 0.12053335851387424]/Image2abc1565780610.png 
[2.6613888390657117, 6.737844157942442, 0.19943117713552458]/[0.010645218639125098, -0.0014693027964173644, 0.9925853058162194, 0.12107407297658733]/Image2abc1565780610.png 
[2.6429357768177075, 6.7426118845491745, 0.1997220042210743]/[0.01115769298205645, -0.0011303966940438856, 0.9925365208663388, 0.1214309797258355]/Image2abc1565780610.png 
[2.624220337960264, 6.747393971542713, 0.20013858714940033]/[0.011636361041665905, -0.0009952919125068107, 0.9924918585084255, 0.12175185949384273]/Image2abc1565780610.png 
[2.605247746130179, 6.752098091046773, 0.20047543912698637]/[0.011968606363501102, -0.0014126463012529718, 0.992435292087078, 0.12217588924243321]/Image2abc1565780610.png 
[2.58608378140056, 6.756901109240982, 0.2006430742853112]/[0.012142806053461894, -0.0016476083013816105, 0.9923873833088047, 0.12254435563312042]/Image2abc1565780610.png 
[2.566700194779961, 6.761749851428934, 0.20089706888654588]/[0.011717494088937538, -0.0017962529507744144, 0.9923657616929605, 0.12275857944421964]/Image2abc1565780610.png 
[2.547125321295924, 6.766669007372927, 0.20128295986992562]/[0.010978102377971194, -0.0019879652770370118, 0.9923583017620127, 0.12288421455276649]/Image2abc1565780610.png 
[2.527196087981629, 6.771577105573312, 0.2014739488697715]/[0.011076312027631041, -0.0026859117154985307, 0.9923184548779033, 0.12318354313321946]/Image2abc1565780610.png 
[2.5070240591604103, 6.77664246323271, 0.20173914070159532]/[0.011213113867027797, -0.002916367246482907, 0.9922862214054743, 0.1234253445947586]/Image2abc1565780611.png 
[2.4866206180472332, 6.781992483038043, 0.2022247043219142]/[0.01152246319319545, -0.0024178059764708806, 0.992270585296135, 0.12353328544277989]/Image2abc1565780611.png 
[2.465955952710895, 6.787313715002085, 0.2027196376229273]/[0.011807984631243993, -0.002226892416374457, 0.9922537157736616, 0.1236453637726691]/Image2abc1565780611.png 
[2.445025478813789, 6.792514131500617, 0.20299802497151923]/[0.012057243621614365, -0.002795570179312522, 0.9922123765878367, 0.12394114494201837]/Image2abc1565780611.png 
[2.423884025769279, 6.797732710202014, 0.20322514761709354]/[0.011936116968030258, -0.003418191739252121, 0.9921829501890416, 0.12417261546383317]/Image2abc1565780611.png 
[2.4024939862114434, 6.803204941303902, 0.2037259021153519]/[0.01184877369036856, -0.003598400704895857, 0.9921262120414548, 0.12462839746492681]/Image2abc1565780611.png 
[2.3809201509212894, 6.808867453405423, 0.2043476849285079]/[0.011582903217471253, -0.003362238271255449, 0.9920780908254889, 0.12504236646399042]/Image2abc1565780611.png 
[2.359157226903281, 6.814575179264351, 0.2047958123207561]/[0.011186150591083261, -0.00309949653951157, 0.9920464202106852, 0.12533620108859206]/Image2abc1565780611.png 
[2.3370912328712916, 6.820388287688335, 0.20523536066729553]/[0.011208892322525341, -0.003058982373663068, 0.9919750157806646, 0.12589905252498818]/Image2abc1565780611.png 
[2.3147666203587747, 6.826297037012401, 0.20569131796043513]/[0.011337518113741092, -0.0031081838168561613, 0.9918870213312911, 0.12657778948504314]/Image2abc1565780611.png 
[2.2922384562463303, 6.832276277883461, 0.2060980920010036]/[0.011288163813158248, -0.003111327053334117, 0.9918099391244697, 0.12718467539609588]/Image2abc1565780612.png 
[2.269442248261928, 6.838374881790405, 0.20658120397069035]/[0.011398246126952026, -0.003194726710030082, 0.9917062685160786, 0.1279787118719089]/Image2abc1565780612.png 
[2.246447314868732, 6.844586517223014, 0.20706637162979033]/[0.011287093351256636, -0.003108939076048108, 0.9916181126447305, 0.1286718877471065]/Image2abc1565780612.png 
[2.223175305013151, 6.8508738337667685, 0.2075228128605382]/[0.011365820415958162, -0.003288189624115032, 0.9914977204178078, 0.1295850158836222]/Image2abc1565780612.png 
[2.199676524611758, 6.857342315422933, 0.20807918330294808]/[0.011447142322003844, -0.003258640223342093, 0.9913690944007653, 0.13055903976194586]/Image2abc1565780612.png 
[2.1760093045772546, 6.863914312666367, 0.20857108815307926]/[0.01127981160285558, -0.0030963316226334282, 0.9912579114726524, 0.13141891615578702]/Image2abc1565780612.png 
[2.152086907067908, 6.870552788902992, 0.2089745641727918]/[0.011312568122608785, -0.0032778752052605533, 0.9911151688669915, 0.1324839740435242]/Image2abc1565780612.png 
[2.1278770699449785, 6.8773523037701585, 0.20943865697099912]/[0.0117209664375975, -0.003666357606987995, 0.9909170341698993, 0.1339126885683245]/Image2abc1565780612.png 
[2.1034873025889107, 6.884367578381795, 0.21006185020065618]/[0.011816972290752178, -0.0036403664369135335, 0.9907316123271749, 0.13527002341125355]/Image2abc1565780612.png 
[2.0789557503072515, 6.891503284331279, 0.21062351229619347]/[0.011573649300063426, -0.003428968678182405, 0.9905847406677812, 0.1363677541496811]/Image2abc1565780612.png 
[2.0542239774089834, 6.898710616211069, 0.21104782937509717]/[0.011215026558197125, -0.0032746933247624677, 0.9904449655691842, 0.13741277139183694]/Image2abc1565780612.png 
[2.0292148675573904, 6.906130660190145, 0.2115626938408111]/[0.01129850215485361, -0.00311455219000641, 0.9902578320232224, 0.13875182712447406]/Image2abc1565780613.png 
[2.004003956136715, 6.913688226950035, 0.2121709563247808]/[0.011139355563678906, -0.002881892828206317, 0.9900831824797146, 0.140010361124428]/Image2abc1565780613.png 
[1.978549655179715, 6.921286275118303, 0.21275853576830445]/[0.011020728330894661, -0.0030211624379627993, 0.9899113886560783, 0.14122626785968226]/Image2abc1565780613.png 
[1.9528963434530706, 6.929010615969137, 0.21323775128547673]/[0.010965549080457299, -0.0030318199370708582, 0.9897491356126367, 0.14236296342543495]/Image2abc1565780613.png 
[1.926996868288057, 6.936917408055342, 0.2137889779374226]/[0.011128141158981539, -0.0029840286781841344, 0.9895772266961205, 0.1435415356320549]/Image2abc1565780613.png 
[1.9008893246995995, 6.9448906205649585, 0.2143550922547508]/[0.011043354668888795, -0.0030106827755390095, 0.9894172037132256, 0.14464638641591981]/Image2abc1565780613.png 
[1.874579091817644, 6.953037481010761, 0.21479736246817624]/[0.011197102069265866, -0.002883635730804973, 0.9892750211096185, 0.14560646331391472]/Image2abc1565780613.png 
[1.8480280629188393, 6.961221885815889, 0.215337235047601]/[0.011182907027217802, -0.002892443401644626, 0.989147163177617, 0.1464734308305149]/Image2abc1565780613.png 
[1.8213079347241787, 6.96945224725664, 0.21592298271393526]/[0.010602646124789136, -0.002868335690565888, 0.9890496654892013, 0.14717376036922453]/Image2abc1565780613.png 
[1.794417429920124, 6.977765931944645, 0.21639450740702815]/[0.00987174739882888, -0.002783138425327345, 0.9889771787989229, 0.1477123642716557]/Image2abc1565780613.png 
[1.7672705485449045, 6.986152379255399, 0.2168335366779836]/[0.009369926686529351, -0.0028008219212839877, 0.9889094968207125, 0.14819705451951332]/Image2abc1565780613.png 
[1.7398566195829308, 6.994586080455115, 0.21728807599176603]/[0.009039193252342783, -0.003024049527525861, 0.9888493585608119, 0.1486139097920272]/Image2abc1565780613.png 
[1.7122440259291043, 7.003163475403842, 0.21778376380043662]/[0.008662677635302828, -0.002866338243547633, 0.9888214612576879, 0.1488249302955364]/Image2abc1565780614.png 
[1.6843939390454576, 7.011817215322551, 0.21831574218697558]/[0.008352472949179603, -0.0027018593678843415, 0.9888038871168302, 0.1489624414885726]/Image2abc1565780614.png 
[1.6563152224413822, 7.0205099643653, 0.2188740435195388]/[0.007989198391825197, -0.0025552687259293985, 0.9888011530968865, 0.1490030970988926]/Image2abc1565780614.png 
[1.6280108305843153, 7.029271552349689, 0.21939007924491352]/[0.00769363852728606, -0.0024184308751138807, 0.9888000101631578, 0.14902851747116375]/Image2abc1565780614.png 
[1.5994560372801343, 7.037979871871775, 0.21977697505511729]/[0.007375832236854639, -0.002768379857071031, 0.9887887753228202, 0.14911301407784017]/Image2abc1565780614.png 
[1.5706796536559937, 7.0467920188177535, 0.2201612186287916]/[0.007089626618058918, -0.003087754868378488, 0.9887598789333002, 0.14931210525638863]/Image2abc1565780614.png 
[1.5416975694612198, 7.055930878412333, 0.2205884718997968]/[0.007246439737618463, -0.002768868005149752, 0.9887099885576184, 0.1496408400387187]/Image2abc1565780614.png 
[1.5125131031459762, 7.06511089981253, 0.22094231191291427]/[0.007268705891561281, -0.0025559706844534265, 0.9886667866565654, 0.14992870936116143]/Image2abc1565780614.png 
[1.4831585743405542, 7.0741566766140025, 0.22135989004042364]/[0.006524462326041564, -0.0028892477501550606, 0.9886443928816495, 0.1501044571705616]/Image2abc1565780614.png 
[1.4536550193543838, 7.083394933402145, 0.2218419930572469]/[0.006352298868560999, -0.0031239689962504727, 0.9885693749925869, 0.1506003982184675]/Image2abc1565780614.png 
[1.4240992198395137, 7.092817449712677, 0.2221433701601355]/[0.00641165021421938, -0.0029397818584305448, 0.9885155877204661, 0.1509542356405305]/Image2abc1565780614.png 
[1.3943465295423263, 7.102209078242656, 0.22249243452134576]/[0.006648083857681757, -0.0031721334481288163, 0.9884696610990921, 0.15123977531408392]/Image2abc1565780615.png 
[1.364525229115694, 7.111575833747523, 0.22288498629511186]/[0.006488441657757957, -0.003189734479948578, 0.9884788114061156, 0.15118652426705986]/Image2abc1565780615.png 
[1.3345870788014695, 7.12099810707171, 0.2232952793081089]/[0.006441311125033806, -0.003388084821522102, 0.9885030719492288, 0.1510255181721628]/Image2abc1565780615.png 
[1.304512623620666, 7.1305027783044945, 0.2237026117708892]/[0.006511918486063057, -0.0032538151471726497, 0.9884962068620905, 0.15107036977474506]/Image2abc1565780615.png 
[1.274298995025784, 7.140140663505391, 0.22405710204316245]/[0.006583155057301547, -0.003301047733527424, 0.988403031682035, 0.15167469174227582]/Image2abc1565780615.png 
[1.2439625382452635, 7.150013719469996, 0.22445725270264735]/[0.006632251964828092, -0.0030729383170153292, 0.9882215429150784, 0.15285533161298864]/Image2abc1565780615.png 
[1.2134949715640646, 7.159975303799465, 0.2248536651062535]/[0.006717709492685874, -0.0029837430267265585, 0.9880216094773207, 0.15414041930190528]/Image2abc1565780615.png 
[1.1831187330199198, 7.169927819447982, 0.22520764199321913]/[0.0068199417647434295, -0.002916940479566351, 0.9878450972563296, 0.15526443146837168]/Image2abc1565780615.png 
[1.152921867811966, 7.179822012489346, 0.22564122927763625]/[0.006856526235140509, -0.00312399524924891, 0.987625697387331, 0.15664836597251094]/Image2abc1565780615.png 
[1.1228375408421396, 7.189817175298527, 0.22606345065163558]/[0.007019380053643197, -0.0031826254003924415, 0.987306483425486, 0.15863955050750714]/Image2abc1565780615.png 
[1.0929343205325925, 7.200008273557601, 0.22653098826612886]/[0.006740965331811063, -0.003025878043512538, 0.9869093086506798, 0.16110685878353595]/Image2abc1565780615.png 
[1.0631496466778303, 7.210182217736788, 0.22693411260064664]/[0.006726785074458153, -0.0031032239450645115, 0.9863772036715351, 0.1643323840295389]/Image2abc1565780616.png 
[1.0334521468745155, 7.220541706969947, 0.22740341876811662]/[0.006804775998526846, -0.0031622362632733434, 0.9856952958607083, 0.16837006563963716]/Image2abc1565780616.png 
[0.8312214614178213, 7.29715866039869, 0.230708474664644]/[0.007916351970410587, -0.0038848161365466977, 0.9831325435193923, 0.18268180382335902]/Image2abc1565780616.png 
[0.8031986372855515, 7.307936750162875, 0.2311971000811512]/[0.00788501499348877, -0.003921255290267549, 0.9831300987753983, 0.18269553682938394]/Image2abc1565780616.png 
[0.7753451663665542, 7.318595125806307, 0.23165139845570148]/[0.008288347961874588, -0.0042183887501454605, 0.9831386556964715, 0.18262500420191757]/Image2abc1565780616.png 
[0.7476660560660372, 7.32924217404837, 0.23207568771786197]/[0.008873538358697733, -0.004308733142532704, 0.9831424000872719, 0.18257523459204944]/Image2abc1565780616.png 
[0.7202450561345851, 7.339845711671402, 0.23254853699342268]/[0.009416041821926058, -0.00424000396752025, 0.9831309876361594, 0.18261112143654576]/Image2abc1565780616.png 
[0.6930360090853595, 7.350355152743571, 0.23311615039090217]/[0.009998357693872882, -0.004193878602356872, 0.9831241287221959, 0.18261815832473302]/Image2abc1565780616.png 
[0.6660060394707831, 7.3607784775376865, 0.23357347591030778]/[0.01056492934521861, -0.004233862435762892, 0.9831126070970613, 0.18264736089969927]/Image2abc1565780617.png 
[0.6391516622323516, 7.371182824107826, 0.233848789058325]/[0.010654370931613682, -0.004224895103415733, 0.9830554956895383, 0.18294952045854843]/Image2abc1565780617.png 
[0.6126013589436954, 7.381408981089962, 0.23417994241557327]/[0.010116202597438784, -0.004529622575229988, 0.9829326826206146, 0.1836313872968768]/Image2abc1565780617.png 
[0.5863435662694202, 7.391484424047983, 0.23472065697081324]/[0.009251098594196419, -0.004873266181666629, 0.9828489702677708, 0.18411564326559957]/Image2abc1565780617.png 
[0.5603120275836376, 7.401394151376561, 0.23532802074576545]/[0.00838925995861068, -0.005369355833750303, 0.9828486150374354, 0.1841450250597953]/Image2abc1565780617.png 
[0.5344227039554692, 7.411189848997542, 0.23571672254216805]/[0.00784068256850562, -0.006098602598509146, 0.9828432404816421, 0.1841751758048586]/Image2abc1565780617.png 
[0.508647392191365, 7.421131972044006, 0.23615514535530954]/[0.007949379614844727, -0.006271392645090972, 0.9828214174825608, 0.18428113939196328]/Image2abc1565780617.png 
[0.4829066463038735, 7.431163046185583, 0.23674672707141045]/[0.007875946084520932, -0.00610715281871674, 0.9828409683347318, 0.18418551278688924]/Image2abc1565780617.png 
[0.4571124633823999, 7.441133363744534, 0.23725984428815597]/[0.007328402468371165, -0.006063802659205226, 0.9828865327373751, 0.18396627021840878]/Image2abc1565780617.png 
[0.4312746503057722, 7.451062055658615, 0.23773828844333006]/[0.006921322686532623, -0.006300350558760095, 0.9829158842943578, 0.18381720615042]/Image2abc1565780617.png 
[0.4055472790578096, 7.460939912318033, 0.23828716574255593]/[0.006743875595848486, -0.0066282632754668174, 0.9829764005316186, 0.18348837092797438]/Image2abc1565780617.png 
[0.37998040927320864, 7.470840929803624, 0.23870207902940088]/[0.0068788453207388476, -0.00648944117608292, 0.9829943085544268, 0.1833923607729608]/Image2abc1565780618.png 
[0.354520524548121, 7.480753785526509, 0.2390462429703008]/[0.0070470973050471486, -0.006376852684599316, 0.9829118162148858, 0.1838315416748902]/Image2abc1565780618.png 
[0.32918435052449807, 7.49060146758058, 0.2394756282996146]/[0.007075572387621401, -0.006452267962882148, 0.9827807783940348, 0.18452708780213772]/Image2abc1565780618.png 
[0.30395888200693116, 7.500484685982059, 0.23990814260957918]/[0.006937692731682817, -0.006503156488487022, 0.9826077628116379, 0.1854496207533329]/Image2abc1565780618.png 
[0.27885197394277306, 7.5103607014639, 0.24033593184328905]/[0.007062336362803438, -0.006322067657021612, 0.9824065649158346, 0.18651406401638693]/Image2abc1565780618.png 
[0.25389439071615116, 7.520284000847153, 0.24073010186580485]/[0.0071065460349502485, -0.006420305912920153, 0.9821774216625904, 0.18771198430484878]/Image2abc1565780618.png 
[0.22904893708606425, 7.5303245541794075, 0.2411578549358546]/[0.007147107568225747, -0.006379532574380786, 0.9819349505143575, 0.1889761185332865]/Image2abc1565780618.png 
[0.2043470840332864, 7.54041400455358, 0.24162531616121458]/[0.007109942327576145, -0.0064850698673072785, 0.9816700425744628, 0.19034526550657177]/Image2abc1565780618.png 
[0.17969905777930673, 7.550500630688267, 0.242008186146746]/[0.007208400382566547, -0.006264808098405538, 0.9813732497364183, 0.19187322857865427]/Image2abc1565780618.png 
[0.15515905576945738, 7.560610834285013, 0.24228426863259464]/[0.00746546691508767, -0.005963409016591133, 0.9810059877032667, 0.1937419847296364]/Image2abc1565780618.png 
[0.13084129395847036, 7.5708181584275325, 0.24271645903574943]/[0.007265593482956433, -0.006473203046106151, 0.9806143185071818, 0.19570607331495815]/Image2abc1565780619.png 
[0.10661767186980209, 7.581125536643316, 0.24330904690281302]/[0.00718393379591411, -0.0064259283806117696, 0.9802664471691361, 0.19744566618202194]/Image2abc1565780619.png 
[0.0824748851968511, 7.591566751901981, 0.24371091907950962]/[0.006902601019751536, -0.006334045611471831, 0.9798864966517988, 0.19933561559545265]/Image2abc1565780619.png 
[0.05842020812481633, 7.601997478565783, 0.24402265016171748]/[0.0067737229764934055, -0.006426986168885632, 0.9794549022048744, 0.20144702795688676]/Image2abc1565780619.png 
[0.034482516476718184, 7.612459589983919, 0.244411770507786]/[0.006790432896708656, -0.0064142308702043755, 0.9790233356410214, 0.20353391838646162]/Image2abc1565780619.png 
[0.010676603992235635, 7.62308912655007, 0.24480404454678428]/[0.006514560943302448, -0.006197052909991637, 0.9785884757563874, 0.20563013433769195]/Image2abc1565780619.png 
[-0.013030520837768947, 7.633849408630231, 0.24519464964047805]/[0.006045215394408614, -0.0059341188299954824, 0.9781489440982608, 0.20773272434550116]/Image2abc1565780619.png 
[-0.03664030204774898, 7.644628391722814, 0.24559291787851575]/[0.005799701253944477, -0.005774812612840688, 0.9777154164088241, 0.2097750688741903]/Image2abc1565780619.png 
[-0.0601668230986827, 7.65545660731776, 0.24594271750467545]/[0.00554683689553365, -0.0058104167858027515, 0.9772704469763389, 0.2118441529141088]/Image2abc1565780619.png 
[-0.08362699615014163, 7.666313780677213, 0.24633780451908865]/[0.00542686672793401, -0.005689083550259668, 0.9768325931651664, 0.21386039459444559]/Image2abc1565780619.png 
[-0.10699859192428403, 7.677203046181072, 0.24671811212394767]/[0.005318070781902115, -0.0056277654517090095, 0.9763972797808472, 0.2158434581258862]/Image2abc1565780619.png 
[-0.1302881045289596, 7.688197787308667, 0.24707004579620517]/[0.0050473684499016585, -0.005580836805662769, 0.9759756171711559, 0.21774979453414153]/Image2abc1565780620.png 
[-0.15346141439045918, 7.699169062348394, 0.24751731745323802]/[0.00509067278994182, -0.005839928580736261, 0.975569182758469, 0.21955580141888836]/Image2abc1565780620.png 
[-0.17650376762381767, 7.710284582001374, 0.24797199407632628]/[0.005060420084149455, -0.005996950180429115, 0.9751600116663129, 0.22136255415960007]/Image2abc1565780620.png 
[-0.1994829613952164, 7.721477901219609, 0.24821269801677381]/[0.0048410193934918955, -0.006101052720149025, 0.9747085537136084, 0.22334407761224284]/Image2abc1565780620.png 
[-0.22235994301194603, 7.732690372536826, 0.24859920540190494]/[0.00484445236715531, -0.006134859947747833, 0.9742586408806513, 0.22529757087920402]/Image2abc1565780620.png 
[-0.24515777175871756, 7.7440052254660445, 0.24897015672881628]/[0.004716623422141311, -0.006054569255012689, 0.9738263919192082, 0.22716349631101992]/Image2abc1565780620.png 
[-0.2678476459263169, 7.755335371994773, 0.24928382030657045]/[0.004651194395894379, -0.006226124437890535, 0.9733768530707273, 0.22907881541361078]/Image2abc1565780620.png 
[-0.2904614849882999, 7.766789092956236, 0.2494620262232421]/[0.004604234277170842, -0.006206211259219457, 0.9728819146113612, 0.23117323415711236]/Image2abc1565780620.png 
[-0.31291180976242966, 7.778382599284766, 0.24974147752328044]/[0.004470245363957619, -0.00611592011675365, 0.9723699542851408, 0.23332227589971932]/Image2abc1565780620.png 
[-0.3352211430719076, 7.789979406235105, 0.2501333457893508]/[0.004264397606168882, -0.00607642047268142, 0.9718351179016254, 0.23554489092406486]/Image2abc1565780620.png 
[-0.35742578054660057, 7.801492829795217, 0.25056685494575354]/[0.004610613491334735, -0.0059610138474221344, 0.9713349394505794, 0.23759554701147872]/Image2abc1565780620.png 
[-0.37954765662439116, 7.813056561117749, 0.2508757702619094]/[0.004896615178790339, -0.0062562827623408755, 0.9708088618789026, 0.23972283116795173]/Image2abc1565780621.png 
[-0.4016061124021551, 7.824848604433779, 0.25114306668009034]/[0.0048450025396818185, -0.006466444136271135, 0.9702679452369423, 0.2418983784491017]/Image2abc1565780621.png 
[-0.423553342246025, 7.836766562629255, 0.25147817139713396]/[0.004947536208265926, -0.0061967217478860175, 0.9697462721519362, 0.2439862499659974]/Image2abc1565780621.png 
[-0.4453802845010987, 7.848674809030399, 0.2518401885087573]/[0.005297252932520504, -0.005939717854643843, 0.969213582287075, 0.24609284990310357]/Image2abc1565780621.png 
[-0.46710288232017927, 7.860627339769238, 0.25219468730604655]/[0.005552540897971176, -0.006153074717484138, 0.9686467013829361, 0.24830400089618868]/Image2abc1565780621.png 
[-0.48877827298504467, 7.872690725058289, 0.25237911255602774]/[0.005932841009168574, -0.005875198937186318, 0.9680466145100135, 0.2506312741273717]/Image2abc1565780621.png 
[-0.5102779618473047, 7.88483804952056, 0.25262980616797903]/[0.006275835833966984, -0.006039796921520675, 0.9674166986205514, 0.2530396529555103]/Image2abc1565780621.png 
[-0.5316221655745235, 7.897152033857804, 0.2531237017881334]/[0.006390300732682308, -0.005877732186806041, 0.9668537469388981, 0.2551831662768908]/Image2abc1565780621.png 
[-0.732239665947754, 8.01319447929975, 0.2564922819101296]/[0.007906979725776433, -0.005103721751880212, 0.965726027560357, 0.2593928900112497]/Image2abc1565780622.png 
[-0.7014743295531064, 7.997075621486755, 0.25343184072932023]/[0.009219806693132703, -0.0057124528892169586, 0.9647636171465473, 0.26289451511364786]/Image2abc1565780622.png 
[-0.6580750410499274, 7.97303116371687, 0.25165498753213295]/[0.00851363989874206, -0.006523762126563799, 0.9685942656374713, 0.24841519083501787]/Image2abc1565780623.png 
[-0.6140286129041258, 7.948847946690662, 0.25046991170993377]/[0.008828690234636475, -0.006623552809612946, 0.9685915580116242, 0.24841211026343638]/Image2abc1565780623.png 
[-0.5696465803175932, 7.924656926867049, 0.24899952867453126]/[0.010112296080389894, -0.006434080941443257, 0.9685835318363551, 0.24839944832030927]/Image2abc1565780624.png 
[-0.5695807226215459, 7.924458723803267, 0.24935480997322892]/[0.009872732402459904, -0.0069387198574516395, 0.9685485332113536, 0.24853193383503983]/Image2abc1565780624.png 
[-0.5695844187907327, 7.924502911842668, 0.24937688822301426]/[0.009881880056708085, -0.0070157579495392286, 0.9684625569931106, 0.24886422661625024]/Image2abc1565780624.png 
[-0.5695918926573226, 7.9245835358681695, 0.24940016146020802]/[0.009921722570332255, -0.007121673579395361, 0.9683223825351337, 0.24940450009602477]/Image2abc1565780624.png 
[-0.5695708510126444, 7.9247036104512425, 0.24942650292629592]/[0.009975036612616367, -0.007208226588929719, 0.968114416231798, 0.25020594956592185]/Image2abc1565780624.png 
[-0.5695217624924386, 7.9248765328521795, 0.2494388296063912]/[0.009993024889530886, -0.007237783097708811, 0.9678348786634926, 0.2512835083960152]/Image2abc1565780625.png 
[-0.5694511950987882, 7.925091056640698, 0.24943232180858765]/[0.009990568051246743, -0.00726401745590582, 0.9674879904890638, 0.25261514376586164]/Image2abc1565780625.png 
[-0.5693264557101874, 7.925300448227141, 0.24944064663402132]/[0.010067390636027027, -0.007386502046193197, 0.9670718217432784, 0.25419712591498755]/Image2abc1565780625.png 
[-0.5691419736908915, 7.9255362388882, 0.24943322140815963]/[0.0101485188564851, -0.007498614488134329, 0.9665812274634034, 0.2560498175377562]/Image2abc1565780625.png 
[-0.5688970525870105, 7.9257984561128945, 0.2494239183235564]/[0.0102376952903944, -0.007615348211230845, 0.9660060199679399, 0.25820450316069793]/Image2abc1565780625.png 
[-0.5686379109870766, 7.926088823749463, 0.2494120600427879]/[0.01058064863211921, -0.007688074677108616, 0.9653634161155558, 0.2605809244898546]/Image2abc1565780625.png 
[-0.5683823092221905, 7.926413836737417, 0.24937653164221046]/[0.01098426606236228, -0.007804918666286996, 0.9646808783384614, 0.26307647578568977]/Image2abc1565780625.png 
[-0.5681055164178366, 7.926751273799026, 0.24933959365848685]/[0.011441915714164497, -0.00800570003826954, 0.9639475765484196, 0.2657255369702283]/Image2abc1565780625.png 
[-0.5678025992900045, 7.927121729916617, 0.24929168158777817]/[0.011920829978418007, -0.008267698062099529, 0.9631510616831606, 0.2685694907467711]/Image2abc1565780625.png 
[-0.5674544036908962, 7.927535792606805, 0.2492365257008537]/[0.012436316858360141, -0.00864494687089919, 0.9622701885431743, 0.2716738617491233]/Image2abc1565780625.png 
[-0.5670753531575895, 7.928008420999044, 0.24913769159262578]/[0.012874640243316457, -0.008962259525658095, 0.9612873501120712, 0.2751009851987304]/Image2abc1565780625.png 
[-0.5666643071458446, 7.928542006912018, 0.24904243766138504]/[0.013374622744984709, -0.009020298113594522, 0.9602194464638559, 0.2787801433406214]/Image2abc1565780626.png 
[-0.566215174131397, 7.929062883095641, 0.24900705544680624]/[0.014018765384507536, -0.009231293857537742, 0.9590951585033607, 0.2825858000081098]/Image2abc1565780626.png 
[-0.5657451544425808, 7.929594658902286, 0.2489916453569491]/[0.01456987899850684, -0.00953182605755365, 0.9579185725812077, 0.2865115551281638]/Image2abc1565780626.png 
[-0.5652955612539408, 7.930207374429315, 0.24890449510172585]/[0.01488592975397084, -0.009657117059310221, 0.9566707406046365, 0.29063076791083037]/Image2abc1565780626.png 
[-0.5647828093904516, 7.9307510682402285, 0.24884358060614878]/[0.015265052040577255, -0.01016835167371782, 0.9552969453769017, 0.2950785132197853]/Image2abc1565780626.png 
[-0.5642942116180183, 7.931383776679256, 0.24876294341281607]/[0.01584101051046757, -0.010181442797512028, 0.9538656015323468, 0.2996428120644687]/Image2abc1565780626.png 
[-0.5638138725829294, 7.932034202622475, 0.2486712429234593]/[0.016388924626460865, -0.010239719606960653, 0.9523790947346642, 0.30430348536344515]/Image2abc1565780626.png 
[-0.5633199697510236, 7.932747297284219, 0.2486044853196265]/[0.016670880673544167, -0.010249766022649775, 0.9508260387257406, 0.30910656433528866]/Image2abc1565780626.png 
[-0.5627994387385412, 7.9334512533017385, 0.24865804016160134]/[0.01657131223718109, -0.010355217677912431, 0.9491823800810136, 0.31411935696693855]/Image2abc1565780626.png 
[-0.5622448553227481, 7.934246330342182, 0.2487747912135578]/[0.016425073603261942, -0.010155727176797604, 0.9474807129984413, 0.31922934805340714]/Image2abc1565780626.png 
[-0.5616584766962736, 7.935075332150071, 0.24892282479212657]/[0.01643866047034916, -0.009917031992007032, 0.9457383747784995, 0.3243614486799137]/Image2abc1565780626.png 
[-0.560997516763685, 7.935876430708943, 0.2490462280744413]/[0.016468347017851173, -0.009883249116512149, 0.9438980514840837, 0.3296779994751707]/Image2abc1565780627.png 
[-0.560275721836581, 7.936702876059967, 0.24906575482474677]/[0.016250475216009024, -0.009851064528940951, 0.9419357030792429, 0.335255141418462]/Image2abc1565780627.png 
[-0.5595064088709454, 7.9375080541094185, 0.24908575455931695]/[0.016236180400016554, -0.00973998083240328, 0.9398102330813661, 0.34117187019880596]/Image2abc1565780627.png 
[-0.5587103362876823, 7.938388189539524, 0.2491277187141366]/[0.016391647618690462, -0.009776232318912515, 0.9375874982663189, 0.34722531915846344]/Image2abc1565780627.png 
[-0.5578629243682359, 7.93924804375261, 0.24916946120551384]/[0.01628807217374795, -0.009792377634023186, 0.9352141748282711, 0.3535721358441747]/Image2abc1565780627.png 
[-0.5569621495848454, 7.940081787310694, 0.24926579543137795]/[0.016159675292137746, -0.009839904567945968, 0.9326837530020069, 0.3601986369472238]/Image2abc1565780627.png 
[-0.5560908236125904, 7.941013708623, 0.24944375510022967]/[0.015995018383410026, -0.01000507302267778, 0.9301166647224847, 0.366779290454418]/Image2abc1565780627.png 
[-0.5552284234118742, 7.941984147289123, 0.24952305131302147]/[0.015545210297191744, -0.010229579336126823, 0.9274358596986474, 0.3735189798235863]/Image2abc1565780627.png 
[-0.5543893806969458, 7.943025001374365, 0.24960878810345938]/[0.015290440415397786, -0.010071419937489641, 0.9246667704492323, 0.38033686721028326]/Image2abc1565780627.png 
[-0.5535139895954537, 7.94411802570286, 0.24971589396490879]/[0.015192583418517359, -0.010037762695093357, 0.9218128598427315, 0.38720728319301134]/Image2abc1565780627.png 
[-0.5525763404893442, 7.945224375030913, 0.2497123206195501]/[0.014900162338322979, -0.010136042556397001, 0.9187879495972785, 0.394339890802865]/Image2abc1565780627.png 
[-0.5516305593112335, 7.946341017734392, 0.24972528954906134]/[0.014923212254109756, -0.009912027473227716, 0.9155691973508191, 0.40176124042740297]/Image2abc1565780628.png 
[-0.55066471623221, 7.947498136013739, 0.24981632714675073]/[0.014869329356664868, -0.009838162226854286, 0.9122418092212087, 0.40926396752865624]/Image2abc1565780628.png 
[-0.5496692502665546, 7.948648395213164, 0.24990008282572743]/[0.014263693384168302, -0.010093796969771966, 0.9087846781497033, 0.4168993536503932]/Image2abc1565780628.png 
[-0.5487221701014926, 7.949803046094668, 0.24996380907067745]/[0.0138722734825335, -0.01016574842190585, 0.905150047976198, 0.42474416798366366]/Image2abc1565780628.png 
[-0.5477319501432568, 7.951002661264028, 0.2500443449655729]/[0.013698568847962533, -0.010176226706483035, 0.9014328804576954, 0.4325824264244657]/Image2abc1565780628.png 
[-0.5467588425458697, 7.9523554027643595, 0.2501298953732849]/[0.014191741380666712, -0.010213320793433777, 0.8977074483579016, 0.4402449542217379]/Image2abc1565780628.png 
[-0.5459948357139575, 7.953993607208807, 0.25021804941866144]/[0.015098061424853414, -0.010540237404412678, 0.8941061252549287, 0.4474764672229005]/Image2abc1565780628.png 
[-0.5454824219755191, 7.955798949807975, 0.2502892716948047]/[0.015789449223966384, -0.010589598473712922, 0.890545830563823, 0.4544960696890126]/Image2abc1565780628.png 
[-0.5452097427084741, 7.957811383274306, 0.25031124411448624]/[0.016320379467793477, -0.010740244755449298, 0.8870237098351612, 0.4613103408193751]/Image2abc1565780628.png 
[-0.5451178888513941, 7.9600436002769595, 0.2502939298317686]/[0.0165609277420903, -0.01094192327282425, 0.8835714412054736, 0.4678755371607872]/Image2abc1565780628.png 
[-0.545181675278932, 7.96253207950203, 0.25024807687393463]/[0.01660367200813742, -0.011114944852128678, 0.8801972748319508, 0.47418723459746104]/Image2abc1565780628.png 
[-0.5454597358281333, 7.965245739803804, 0.25023564415743627]/[0.016593833123683257, -0.010975941050117297, 0.8768680717048275, 0.4803192253543317]/Image2abc1565780629.png 
[-0.5597113800246077, 8.002735507997127, 0.2507244515918681]/[0.012879054847441878, -0.0072525431518051815, 0.8608097989446477, 0.5087121195774119]/Image2abc1565780629.png 
[-0.5608910169062286, 8.005049305596717, 0.25072879733657416]/[0.013000152796409604, -0.007399154325114485, 0.8604977798881247, 0.5092345425736078]/Image2abc1565780629.png 
[-0.5619823769166683, 8.007335102014457, 0.2506839239444831]/[0.013196425113982025, -0.00752465800319959, 0.8599930918922565, 0.5100795190788809]/Image2abc1565780630.png 
[-0.5629787581480704, 8.009644420748671, 0.2506140498784276]/[0.013542681017317322, -0.007710368371290289, 0.8593325585930935, 0.511179713752697]/Image2abc1565780630.png 
[-0.563891135305376, 8.011902616311543, 0.2504993917182967]/[0.013713125799270474, -0.00791312050843409, 0.8584707402529351, 0.5126181042786239]/Image2abc1565780630.png 
[-0.5646890837260317, 8.014092306093834, 0.25044673742142504]/[0.013841597811037139, -0.007932447345605591, 0.8575139070912745, 0.5142133658260971]/Image2abc1565780630.png 
[-0.5654313678626057, 8.016162702108176, 0.25035449482150784]/[0.013755628228887247, -0.008032008567765533, 0.8564714877838457, 0.515948505321725]/Image2abc1565780630.png 
[-0.5661296143515906, 8.018213135049054, 0.2503725078548732]/[0.013963199516937754, -0.008026982452953487, 0.8553817314496814, 0.517747708941426]/Image2abc1565780630.png 
[-0.5667633991184483, 8.020252670262046, 0.25043698666137504]/[0.01394262342053071, -0.008140710261217718, 0.854128480932016, 0.5198113793957989]/Image2abc1565780630.png 
[-0.5673598305483201, 8.022289594167123, 0.25044955982553957]/[0.013871916194274192, -0.008385080328297947, 0.8526398304756443, 0.5222476231209215]/Image2abc1565780630.png 
[-0.5678597935482749, 8.024416398268464, 0.25051439985371615]/[0.014034026391063265, -0.00843211774741289, 0.8509985794620296, 0.5249127196469485]/Image2abc1565780630.png 
[-0.5682497001484467, 8.026595829463064, 0.2506516260715737]/[0.01410598699643039, -0.008271402543636525, 0.8492053017650448, 0.5278095873370973]/Image2abc1565780630.png 
[-0.5685293895327155, 8.028680384226428, 0.2507923376466496]/[0.014021284420093004, -0.007996836069399885, 0.8471745537197862, 0.531069420815933]/Image2abc1565780630.png 
[-0.5687225002596566, 8.030749227952017, 0.2509943248073101]/[0.014324533266190233, -0.007871613318005009, 0.8450053931208156, 0.534507933568075]/Image2abc1565780631.png 
[-0.5688384313650728, 8.032752413505392, 0.2510848151054596]/[0.014304944517297594, -0.008037988012879861, 0.8426573333677881, 0.538200128049548]/Image2abc1565780631.png 
[-0.5689074046758845, 8.034819945762832, 0.2511380759093297]/[0.014470622744953476, -0.007950755695009824, 0.8401870769168928, 0.542045258574502]/Image2abc1565780631.png 
[-0.5689165960161364, 8.03686136762229, 0.25128145923318373]/[0.014512297910723114, -0.007844349154012036, 0.8375487027446078, 0.5461135687075765]/Image2abc1565780631.png 
[-0.5688804263326399, 8.038759822301005, 0.2514933209571062]/[0.014737203075716021, -0.007721582738180357, 0.8348021361312348, 0.5502986330314203]/Image2abc1565780631.png 
